0,1624,2650,2153,1967,2319,2098,968,444,1643,2244,1709,841,2107,1355,1579,1579,749,1666,2056,1382,2033,1540,1568,1024,1245,581,1746,3126,2481,794,2480,741,2344,661,429,1608,994,2332,2695,1108,2239,1571,1871,1368,624,1045,2064,1758,2089,601,1106,1481,1719,3042,1962,1520,1681,1302,2800,1268,525,683,1147,653,998,1471,2807,240,1587,2055,2182,183,1273,2104,666,743,953,264,2286,1309,2532,2610,2500,975,641,1544,510,1548,1279,763,1226,1807,2160,1506,2346,1612,174,1343,2040
1624,0,3634,2764,2782,3467,2308,1836,1969,601,1728,1628,871,532,2758,1847,1795,1518,2365,600,2893,3111,86,1053,1119,1643,1872,2392,2428,2545,2152,2202,926,2497,1252,2004,2931,1655,2219,2478,1830,961,100,546,2863,2248,668,1199,2097,2379,1382,2674,950,2690,2406,3017,323,2597,1094,2559,358,1872,1009,2763,2272,2482,2621,2212,1663,2695,973,2418,1797,2708,535,1757,1119,2518,1417,1165,393,1918,1952,2407,652,2233,1495,1964,2729,2719,872,704,2112,1625,351,3284,1347,1676,2490,763
2650,3634,0,1013,861,471,1664,1852,2243,3194,2628,2206,2857,4156,1467,1867,1929,2196,1278,3658,1693,621,3585,2730,2517,1995,3115,1271,3097,1805,1866,2319,2868,1682,2489,2309,1185,1997,2083,2249,1817,3528,3650,4117,3180,2460,3407,3028,1658,1549,2389,2861,2780,969,2970,688,3341,1047,2570,2304,3352,2126,2787,2230,2556,3056,1179,2830,2424,1062,3258,1594,2523,1568,3835,3269,2595,2836,2882,3361,3546,2790,2866,2048,3219,2231,2253,2151,1112,1574,2966,2931,1672,2650,3313,351,2455,2479,1306,3458
2153,2764,1013,0,344,1133,652,1197,1853,2264,1615,1224,2088,3264,1469,922,979,1504,488,2705,1779,846,2727,1782,1689,1144,2708,416,2134,857,1507,1327,2130,708,1774,1944,1301,1254,1084,1302,1087,2541,2797,3282,3089,2210,2664,2031,683,536,1711,2747,1851,640,2007,780,2452,586,1671,1375,2527,1658,2061,2214,2314,2853,974,1846,1913,880,2274,591,2085,1541,2895,2819,1848,2668,2327,2361,2747,1782,1861,1079,2457,1970,1301,1743,1009,1554,2231,2066,685,1638,2424,701,1491,1982,1014,2490
1967,2782,861,344,0,853,912,1061,1623,2332,1835,1360,2034,3300,1139,1010,1073,1397,418,2797,1447,525,2736,1869,1671,1139,2498,412,2430,1180,1257,1610,2058,1022,1685,1708,958,1172,1363,1617,992,2678,2803,3277,2799,1946,2599,2186,819,801,1600,2459,1918,313,2305,448,2485,296,1710,1696,2512,1450,1981,1901,2050,2587,655,2129,1728,550,2407,879,1877,1217,2974,2624,1778,2391,2167,2522,2716,2033,2116,1386,2402,1705,1396,1516,676,1230,2158,2078,842,1842,2456,510,1599,1793,718,2601
2319,3467,471,1133,853,0,1760,1635,1890,3085,2686,2187,2642,3997,1046,1824,1887,1970,1213,3566,1242,364,3409,2651,2352,1872,2740,1241,3266,1988,1525,2453,2637,1842,2259,1945,759,1811,2208,2435,1640,3486,3470,3917,2731,2057,3163,3012,1661,1647,2146,2420,2681,794,3140,461,3194,901,2453,2505,3159,1807,2552,1783,2149,2629,872,2973,2107,779,3216,1717,2175,1148,3727,2905,2378,2405,2565,3347,3332,2886,2968,2213,2990,1839,2198,1809,778,1151,2729,2776,1689,2690,3167,480,2403,2153,1009,3389
2098,2308,1664,652,912,1760,0,1162,1921,1753,967,683,1781,2771,1841,543,568,1358,688,2151,2149,1437,2287,1266,1351,875,2680,608,1523,391,1654,698,1853,245,1561,2018,1755,1105,452,748,1004,1943,2358,2848,3253,2335,2347,1423,341,115,1544,2917,1359,1103,1398,1354,1985,1002,1237,842,2131,1693,1802,2483,2435,2960,1360,1217,1874,1310,1683,110,2087,1886,2353,2749,1589,2810,2207,1743,2369,1131,1211,510,2132,2115,816,1812,1436,1902,1949,1648,292,998,1957,1351,966,1948,1335,1919
968,1836,1852,1197,1061,1635,1162,0,762,1515,1572,965,1010,2368,1027,700,724,343,709,2003,1264,1286,1775,1164,736,439,1541,783,2413,1553,563,1660,1016,1404,636,859,1130,209,1468,1831,162,2011,1836,2283,2105,1185,1554,1634,821,1137,540,1775,1151,884,2309,1196,1578,809,907,1935,1523,532,934,1428,1282,1800,786,2081,731,859,1757,1234,931,1015,2140,1634,746,1658,1129,1944,1701,1853,1940,1613,1367,981,856,656,896,1030,1113,1159,872,1517,1551,1514,1022,804,658,1870
444,1969,2243,1853,1623,1890,1921,762,0,1875,2259,1672,1118,2477,910,1455,1472,712,1383,2329,951,1622,1889,1687,1140,1153,880,1471,3128,2313,379,2408,1045,2161,801,97,1167,879,2226,2590,923,2453,1931,2274,1346,432,1450,2190,1581,1889,683,1022,1625,1348,3031,1558,1813,1328,1406,2694,1612,231,966,820,523,1039,1066,2798,307,1187,2237,1988,284,829,2408,1025,927,899,707,2455,1694,2547,2632,2375,1344,283,1531,111,1132,835,1099,1455,1634,2188,1793,1955,1649,310,948,2271
1643,601,3194,2264,2332,3085,1753,1515,1875,0,1128,1071,804,1018,2522,1343,1285,1261,1915,488,2713,2721,613,488,789,1213,2050,1925,1864,1961,1953,1600,911,1925,1075,1935,2645,1310,1626,1877,1462,596,679,1143,2993,2237,1005,621,1582,1834,1201,2749,415,2291,1831,2625,301,2189,632,1957,620,1717,961,2696,2286,2612,2288,1627,1594,2341,460,1862,1784,2491,643,1985,948,2595,1515,692,840,1328,1369,1812,856,2157,965,1836,2399,2505,921,422,1588,1024,283,2842,788,1632,2168,398
2244,1728,2628,1615,1835,2686,967,1572,2259,1128,0,608,1586,2079,2526,942,891,1551,1499,1372,2803,2340,1740,773,1233,1133,2786,1453,881,982,2135,500,1694,1020,1586,2348,2526,1397,620,770,1426,1071,1807,2264,3580,2688,2031,572,1033,1081,1648,3273,894,1949,802,2249,1424,1838,970,839,1695,2035,1688,2998,2771,3229,2115,569,2082,2107,853,1049,2311,2541,1586,2789,1531,3137,2239,832,1936,289,372,768,1834,2519,728,2172,2214,2556,1761,1266,999,104,1402,2307,633,2148,2042,1117
1709,1628,2206,1224,1360,2187,683,965,1672,1071,608,0,1189,2089,1926,367,307,979,973,1486,2198,1827,1609,584,771,528,2275,950,1456,938,1529,775,1280,871,1074,1764,1943,798,669,1013,818,1322,1681,2170,3008,2104,1725,827,547,763,1108,2693,677,1412,1358,1732,1304,1301,585,1114,1470,1444,1249,2393,2191,2670,1536,1126,1523,1542,1053,792,1752,1937,1682,2304,1055,2563,1747,1162,1713,888,975,857,1512,1924,175,1580,1639,1952,1366,988,539,562,1276,1863,283,1593,1453,1266
841,871,2857,2088,2034,2642,1781,1010,1118,804,1586,1189,0,1398,1888,1246,1213,672,1634,1222,2025,2297,798,826,430,950,1267,1681,2447,2107,1281,1938,114,2010,388,1164,2068,862,1858,2193,1043,1401,850,1275,2191,1445,577,1281,1490,1818,514,1945,715,1891,2382,2207,696,1810,627,2292,527,1003,158,1931,1489,1811,1779,2153,818,1864,1231,1886,989,1836,1291,1230,264,1791,719,1465,691,1857,1924,2047,370,1392,1015,1101,1884,1848,178,395,1522,1487,678,2513,984,845,1645,1200
2107,532,4156,3264,3300,3997,2771,2368,2477,1018,2079,2089,1398,0,3286,2342,2286,2050,2882,727,3412,3640,600,1505,1647,2161,2274,2903,2656,2972,2678,2574,1444,2942,1783,2505,3462,2186,2628,2848,2359,1108,549,392,3266,2727,1080,1511,2587,2851,1911,3110,1419,3217,2658,3546,815,3123,1595,2918,873,2393,1529,3254,2741,2892,3154,2493,2170,3227,1240,2881,2286,3233,525,2132,1650,2955,1879,1362,800,2218,2234,2809,1135,2732,1974,2480,3262,3244,1379,1225,2597,1983,843,3804,1805,2176,3022,978
1355,2758,1467,1469,1139,1046,1841,1027,910,2522,2526,1926,1888,3286,0,1587,1635,1266,1155,3007,312,875,2686,2192,1733,1437,1710,1241,3303,2200,612,2492,1847,2033,1507,943,287,1237,2260,2588,1133,3037,2738,3129,1726,1012,2321,2656,1569,1760,1376,1399,2176,829,3187,851,2542,889,1932,2683,2414,907,1760,786,1102,1589,498,2975,1182,589,2785,1860,1190,101,3127,1884,1641,1368,1617,2971,2538,2790,2879,2351,2184,803,1852,857,463,106,1923,2137,1619,2489,2518,1257,2035,1209,506,2890
1579,1847,1867,922,1010,1824,543,700,1455,1343,942,367,1246,2342,1587,0,62,831,611,1794,1870,1463,1814,866,820,337,2160,598,1734,907,1250,961,1313,783,1018,1551,1585,590,771,1135,538,1668,1885,2373,2801,1883,1818,1187,252,571,1008,2473,929,1046,1624,1368,1532,934,753,1240,1631,1223,1260,2112,1977,2485,1176,1402,1365,1177,1397,643,1586,1606,1978,2219,1047,2354,1671,1523,1862,1203,1292,926,1605,1681,386,1352,1277,1621,1410,1158,276,914,1503,1519,588,1438,1100,1591
1579,1795,1929,979,1073,1887,568,724,1472,1285,891,307,1213,2286,1635,62,0,830,673,1733,1915,1525,1764,806,784,333,2159,660,1696,919,1281,936,1284,804,1002,1568,1640,599,758,1123,565,1605,1834,2324,2819,1902,1782,1125,302,607,999,2493,871,1107,1588,1430,1478,995,701,1228,1586,1240,1234,2145,1995,2498,1231,1364,1370,1235,1335,672,1593,1651,1918,2212,1022,2371,1662,1460,1818,1157,1245,921,1568,1704,325,1372,1334,1667,1380,1109,319,859,1450,1582,525,1443,1152,1529
749,1518,2196,1504,1397,1970,1358,343,712,1261,1551,979,672,2050,1266,831,830,0,1023,1743,1453,1626,1453,992,474,496,1329,1087,2426,1736,695,1740,673,1603,293,798,1415,259,1584,1948,416,1802,1511,1947,2031,1138,1211,1491,1022,1358,206,1722,946,1227,2333,1537,1280,1152,712,2053,1193,500,591,1498,1219,1690,1108,2100,545,1191,1566,1446,774,1231,1861,1391,408,1587,852,1774,1362,1841,1924,1751,1025,984,827,636,1214,1244,769,870,1068,1478,1255,1856,937,617,975,1639
1666,2365,1278,488,418,1213,688,709,1383,1915,1499,973,1634,2882,1155,611,673,1023,0,2383,1464,854,2320,1457,1258,722,2226,92,2187,1047,1055,1363,1667,880,1301,1476,1071,781,1122,1436,607,2277,2387,2864,2659,1760,2206,1798,467,605,1230,2317,1502,450,2066,759,2066,339,1292,1529,2101,1178,1593,1831,1863,2402,671,1868,1426,629,2007,706,1604,1205,2557,2333,1385,2227,1839,2134,2310,1728,1814,1198,2004,1525,989,1271,751,1220,1767,1661,507,1491,2038,927,1194,1496,651,2192
2056,600,3658,2705,2797,3566,2151,2003,2329,488,1372,1486,1222,727,3007,1794,1733,1743,2383,0,3191,3201,670,928,1274,1693,2396,2386,1932,2305,2431,1872,1315,2295,1539,2383,3133,1798,1951,2142,1949,391,699,1004,3370,2668,1232,800,2021,2243,1668,3150,884,2771,1931,3105,539,2666,1115,2207,853,2185,1380,3148,2708,2987,2776,1765,2037,2827,520,2257,2211,2974,213,2302,1407,2994,1892,636,981,1493,1507,2123,1153,2608,1408,2299,2887,2987,1299,881,2021,1281,551,3308,1213,2068,2656,255
1382,2893,1693,1779,1447,1242,2149,1264,951,2713,2803,2198,2025,3412,312,1870,1915,1453,1464,3191,0,1137,2817,2418,1927,1692,1634,1552,3597,2511,759,2791,1968,2344,1660,952,527,1468,2562,2895,1388,3251,2863,3224,1489,911,2402,2897,1869,2070,1529,1180,2390,1139,3482,1128,2703,1202,2148,2990,2540,1021,1884,540,982,1406,810,3267,1253,899,3007,2171,1201,265,3296,1821,1795,1179,1645,3202,2640,3072,3161,2658,2287,756,2111,933,770,249,2034,2311,1920,2760,2681,1521,2285,1262,814,3092
2033,3111,621,846,525,364,1437,1286,1622,2721,2340,1827,2297,3640,875,1463,1525,1626,854,3201,1137,0,3054,2286,1993,1508,2493,888,2956,1700,1245,2135,2297,1544,1917,1687,610,1455,1888,2141,1281,3122,3117,3569,2601,1845,2829,2651,1309,1327,1809,2274,2317,430,2831,96,2834,536,2089,2217,2808,1510,2213,1657,1944,2453,561,2654,1810,449,2852,1405,1902,973,3363,2647,2033,2237,2269,2986,2988,2550,2634,1911,2650,1614,1834,1531,490,981,2391,2417,1340,2339,2807,384,2039,1862,692,3024
1540,86,3585,2727,2736,3409,2287,1775,1889,613,1740,1609,798,600,2686,1814,1764,1453,2320,670,2817,3054,0,1042,1067,1599,1786,2349,2461,2534,2078,2206,848,2480,1183,1922,2863,1599,2214,2483,1775,1019,71,561,2777,2164,583,1224,2066,2354,1311,2588,934,2635,2435,2961,318,2544,1062,2565,277,1796,932,2680,2187,2395,2558,2237,1583,2635,1012,2397,1714,2634,618,1672,1051,2432,1331,1213,313,1940,1978,2403,567,2151,1471,1886,2666,2645,791,661,2082,1636,342,3235,1331,1594,2426,815
1568,1053,2730,1782,1869,2651,1266,1164,1687,488,773,584,826,1505,2192,866,806,992,1457,928,2418,2286,1042,0,552,791,2070,1458,1621,1492,1674,1187,938,1445,915,1764,2277,955,1173,1460,1075,852,1113,1598,2934,2093,1260,504,1099,1346,1012,2653,122,1857,1559,2190,729,1750,281,1549,943,1490,946,2489,2161,2566,1896,1333,1450,1934,593,1376,1670,2177,1112,2051,826,2507,1517,785,1188,1033,1098,1363,1060,1966,481,1623,2006,2191,997,493,1103,671,702,2380,300,1506,1786,738
1024,1119,2517,1689,1671,2352,1351,736,1140,789,1233,771,430,1647,1733,820,784,474,1258,1274,1927,1993,1067,552,0,544,1553,1294,2113,1678,1169,1536,511,1580,365,1214,1863,542,1439,1783,712,1330,1133,1605,2386,1541,998,1056,1067,1391,460,2101,485,1570,2036,1899,844,1477,278,1883,843,954,478,1951,1608,2021,1521,1802,898,1586,1100,1456,1118,1702,1404,1558,297,1955,1005,1316,1058,1517,1593,1626,785,1421,596,1082,1631,1716,602,425,1096,1143,817,2167,603,953,1395,1165
1245,1643,1995,1144,1139,1872,875,439,1153,1213,1133,528,950,2161,1437,337,333,496,722,1693,1692,1508,1599,791,544,0,1825,751,1982,1244,1002,1257,1004,1118,686,1248,1495,274,1090,1455,305,1642,1666,2146,2497,1585,1527,1223,554,891,671,2176,809,1078,1881,1412,1346,975,581,1559,1386,923,943,1865,1675,2170,1107,1651,1037,1143,1377,971,1261,1436,1856,1882,728,2050,1334,1545,1603,1416,1503,1255,1317,1398,419,1057,1217,1452,1103,939,593,1077,1318,1644,598,1109,1001,1525
581,1872,3115,2708,2498,2740,2680,1541,880,2050,2786,2275,1267,2274,1710,2160,2159,1329,2226,2396,1634,2493,1786,2070,1553,1825,0,2309,3666,3062,1258,3050,1153,2925,1205,807,1990,1575,2909,3271,1686,2641,1796,1961,993,723,1210,2546,2339,2669,1168,857,1970,2227,3588,2433,1862,2205,1823,3375,1547,1051,1128,1221,663,618,1943,3354,809,2065,2494,2762,623,1613,2397,194,1256,712,553,2729,1495,3071,3145,3079,1243,907,2106,983,2003,1614,1129,1661,2388,2697,1855,2834,2154,736,1827,2432
1746,2392,1271,416,412,1241,608,783,1471,1925,1453,950,1681,2903,1241,598,660,1087,92,2386,1552,888,2349,1458,1294,751,2309,0,2118,959,1147,1292,1719,792,1359,1565,1147,839,1049,1355,671,2265,2417,2897,2751,1851,2256,1777,421,520,1294,2410,1510,505,1996,796,2088,399,1308,1447,2137,1264,1648,1923,1955,2493,753,1802,1507,702,1995,619,1688,1293,2565,2413,1437,2319,1913,2113,2351,1672,1758,1117,2051,1616,983,1360,827,1308,1820,1688,454,1451,2059,922,1186,1578,739,2188
3126,2428,3097,2134,2430,3266,1523,2413,3128,1864,881,1456,2447,2656,3303,1734,1696,2426,2187,1932,3597,2956,2461,1621,2113,1982,3666,2118,0,1292,2975,826,2558,1427,2467,3219,3257,2254,1071,848,2258,1548,2520,2923,4457,3559,2843,1243,1737,1630,2529,4147,1736,2622,127,2876,2164,2517,1844,806,2477,2900,2559,3840,3644,4109,2850,332,2961,2817,1456,1552,3191,3331,2130,3663,2410,4013,3117,1295,2705,595,523,1055,2660,3380,1599,3037,2937,3347,2618,2099,1690,969,2148,2825,1514,3028,2801,1695
2481,2545,1805,857,1180,1988,391,1553,2313,1961,982,938,2107,2972,2200,907,919,1736,1047,2305,2511,1700,2534,1492,1678,1244,3062,959,1292,0,2044,543,2188,167,1921,2410,2090,1487,362,448,1394,2042,2605,3091,3645,2727,2659,1525,732,444,1915,3308,1600,1422,1165,1628,2222,1332,1523,518,2408,2085,2145,2865,2827,3352,1709,1031,2260,1646,1803,341,2475,2252,2516,3126,1936,3201,2578,1812,2651,1046,1109,249,2444,2506,1101,2204,1775,2267,2281,1926,680,1049,2195,1536,1205,2334,1698,2058
794,2152,1866,1507,1257,1525,1654,563,379,1953,2135,1529,1281,2678,612,1250,1281,695,1055,2431,759,1245,2078,1674,1169,1002,1258,1147,2975,2044,0,2210,1236,1885,906,454,830,747,2006,2363,716,2497,2128,2517,1607,705,1712,2164,1327,1606,774,1267,1638,972,2869,1179,1948,960,1399,2465,1804,298,1149,865,809,1348,687,2643,589,808,2257,1709,657,555,2539,1404,1041,1172,1043,2459,1926,2417,2504,2137,1572,469,1415,286,757,567,1311,1552,1380,2079,1925,1576,1570,630,568,2334
2480,2202,2319,1327,1610,2453,698,1660,2408,1600,500,775,1938,2574,2492,961,936,1740,1363,1872,2791,2135,2206,1187,1536,1257,3050,1292,826,543,2210,0,2036,638,1850,2503,2434,1530,246,276,1499,1567,2275,2744,3753,2838,2437,1072,922,808,1882,3429,1308,1795,703,2053,1888,1691,1312,362,2131,2176,2013,3069,2930,3426,2029,520,2286,1992,1353,737,2514,2525,2086,3080,1827,3306,2523,1322,2375,503,565,299,2230,2641,947,2308,2114,2541,2117,1672,872,591,1864,2027,956,2357,1986,1617
741,926,2868,2130,2058,2637,1853,1016,1045,911,1694,1280,114,1444,1847,1313,1284,673,1667,1315,1968,2297,848,938,511,1004,1153,1719,2558,2188,1236,2036,0,2086,380,1084,2039,887,1949,2289,1066,1508,895,1291,2082,1354,540,1395,1552,1884,492,1842,829,1900,2492,2209,782,1823,729,2388,572,949,86,1849,1393,1701,1768,2262,740,1858,1343,1955,897,1790,1372,1116,282,1687,607,1577,699,1966,2034,2136,353,1313,1105,1037,1870,1801,100,507,1587,1596,766,2528,1085,760,1633,1304
2344,2497,1682,708,1022,1842,245,1404,2161,1925,1020,871,2010,2942,2033,783,804,1603,880,2295,2344,1544,2480,1445,1580,1118,2925,792,1427,167,1885,638,2086,0,1802,2258,1924,1350,413,596,1247,2055,2551,3040,3488,2572,2571,1533,586,280,1788,3150,1546,1257,1299,1470,2173,1166,1446,675,2339,1935,2038,2701,2672,3200,1542,1148,2119,1479,1806,177,2331,2085,2502,2994,1826,3046,2451,1837,2580,1125,1195,371,2356,2348,1022,2052,1609,2100,2180,1856,537,1073,2145,1399,1149,2193,1531,2053
661,1252,2489,1774,1685,2259,1561,636,801,1075,1586,1074,388,1783,1507,1018,1002,293,1301,1539,1660,1917,1183,915,365,686,1205,1359,2467,1921,906,1850,380,1802,0,867,1680,520,1725,2082,695,1652,1237,1661,2021,1185,918,1417,1239,1577,131,1738,838,1520,2386,1829,1043,1444,643,2185,915,645,298,1622,1248,1656,1393,2151,538,1480,1440,1657,754,1460,1636,1229,135,1591,672,1663,1073,1872,1950,1904,732,1084,903,761,1497,1471,476,659,1280,1499,1020,2149,953,590,1258,1470
429,2004,2309,1944,1708,1945,2018,859,97,1935,2348,1764,1164,2505,943,1551,1568,798,1476,2383,952,1687,1922,1764,1214,1248,807,1565,3219,2410,454,2503,1084,2258,867,0,1209,973,2322,2686,1020,2518,1961,2288,1250,340,1462,2268,1678,1985,754,929,1698,1427,3123,1626,1860,1412,1483,2791,1645,328,1009,766,427,942,1136,2890,345,1259,2306,2085,250,855,2455,961,988,803,693,2528,1714,2637,2721,2471,1369,229,1621,206,1197,860,1131,1514,1731,2277,1842,2027,1736,328,1022,2332
1608,2931,1185,1301,958,759,1755,1130,1167,2645,2526,1943,2068,3462,287,1585,1640,1415,1071,3133,527,610,2863,2277,1863,1495,1990,1147,3257,2090,830,2434,2039,1924,1680,1209,0,1336,2194,2501,1202,3129,2918,3330,1998,1298,2535,2716,1522,1663,1554,1676,2276,671,3137,603,2694,758,2032,2591,2596,1128,1952,1051,1389,1874,410,2935,1418,445,2869,1759,1450,388,3267,2161,1811,1652,1865,3040,2737,2775,2863,2263,2385,1085,1894,1100,320,392,2121,2280,1568,2500,2669,994,2088,1453,495,2996
994,1655,1997,1254,1172,1811,1105,209,879,1310,1397,798,862,2186,1237,590,599,259,781,1798,1468,1455,1599,955,542,274,1575,839,2254,1487,747,1530,887,1350,520,973,1336,0,1357,1722,180,1801,1662,2121,2223,1311,1427,1428,766,1101,461,1902,941,1038,2154,1362,1386,951,697,1827,1357,648,812,1603,1401,1898,981,1923,775,1044,1547,1190,995,1222,1940,1646,606,1776,1111,1736,1549,1682,1768,1516,1229,1126,671,783,1092,1237,987,967,813,1335,1359,1651,823,848,858,1661
2332,2219,2083,1084,1363,2208,452,1468,2226,1626,620,669,1858,2628,2260,771,758,1584,1122,1951,2562,1888,2214,1173,1439,1090,2909,1049,1071,362,2006,246,1949,413,1725,2322,2194,1357,0,365,1306,1680,2284,2765,3572,2653,2386,1164,694,562,1742,3243,1288,1551,947,1806,1898,1448,1246,469,2109,1994,1916,2859,2748,3255,1792,766,2127,1751,1444,493,2351,2297,2162,2952,1718,3125,2396,1450,2354,712,784,191,2175,2448,843,2123,1874,2313,2036,1634,643,687,1872,1785,904,2200,1754,1701
2695,2478,2249,1302,1617,2435,748,1831,2590,1877,770,1013,2193,2848,2588,1135,1123,1948,1436,2142,2895,2141,2483,1460,1783,1455,3271,1355,848,448,2363,276,2289,596,2082,2686,2501,1722,365,0,1669,1827,2551,3021,3936,3017,2704,1342,1040,838,2103,3606,1580,1841,722,2066,2164,1745,1571,104,2404,2358,2261,3210,3112,3620,2108,616,2492,2056,1622,745,2716,2631,2356,3310,2068,3489,2754,1577,2649,716,755,237,2495,2809,1188,2486,2182,2647,2372,1941,987,865,2140,1984,1218,2564,2081,1887
1108,1830,1817,1087,992,1640,1004,162,923,1462,1426,818,1043,2359,1133,538,565,416,607,1949,1388,1281,1775,1075,712,305,1686,671,2258,1394,716,1499,1066,1247,695,1020,1202,180,1306,1669,0,1927,1839,2300,2267,1348,1606,1524,662,984,623,1937,1077,860,2152,1187,1554,771,836,1772,1536,693,990,1581,1444,1960,828,1926,876,880,1667,1080,1083,1131,2098,1771,786,1821,1251,1843,1730,1704,1792,1451,1410,1142,723,818,938,1147,1165,1136,713,1376,1527,1471,902,950,712,1798
2239,961,3528,2541,2678,3486,1943,2011,2453,596,1071,1322,1401,1108,3037,1668,1605,1802,2277,391,3251,3122,1019,852,1330,1642,2641,2265,1548,2042,2497,1567,1508,2055,1652,2518,3129,1801,1680,1827,1927,0,1061,1396,3590,2826,1539,521,1870,2045,1771,3345,862,2695,1553,3025,803,2586,1105,1882,1147,2281,1557,3272,2879,3209,2748,1400,2181,2783,270,2043,2377,3017,582,2569,1530,3192,2111,260,1317,1145,1147,1838,1422,2736,1288,2406,2858,3031,1515,1014,1859,993,802,3184,1083,2222,2639,213
1571,100,3650,2797,2803,3470,2358,1836,1931,679,1807,1681,850,549,2738,1885,1834,1511,2387,699,2863,3117,71,1113,1133,1666,1796,2417,2520,2605,2128,2275,895,2551,1237,1961,2918,1662,2284,2551,1839,1061,0,490,2788,2195,587,1286,2136,2425,1365,2607,1005,2699,2496,3024,387,2609,1132,2634,323,1844,979,2715,2215,2409,2618,2299,1624,2695,1067,2468,1747,2684,626,1675,1106,2451,1356,1262,305,2003,2039,2473,596,2189,1542,1931,2725,2695,832,730,2153,1703,412,3301,1402,1632,2485,861
1871,546,4117,3282,3277,3917,2848,2283,2274,1143,2264,2170,1275,392,3129,2373,2324,1947,2864,1004,3224,3569,561,1598,1605,2146,1961,2897,2923,3091,2517,2744,1291,3040,1661,2288,3330,2121,2765,3021,2300,1396,490,0,2943,2477,826,1719,2625,2916,1781,2812,1494,3158,2911,3478,869,3072,1622,3099,764,2223,1378,3014,2478,2578,3054,2728,1971,3139,1471,2958,2054,3067,838,1805,1539,2660,1624,1633,592,2439,2467,2952,945,2510,2033,2292,3158,3077,1208,1216,2642,2163,896,3769,1891,1965,2919,1229
1368,2863,3180,3089,2799,2731,3253,2105,1346,2993,3580,3008,2191,3266,1726,2801,2819,2031,2659,3370,1489,2601,2777,2934,2386,2497,993,2751,4457,3645,1607,3753,2082,3488,2021,1250,1998,2223,3572,3936,2267,3590,2788,2943,0,919,2203,3432,2918,3211,1938,342,2849,2489,4365,2575,2832,2511,2664,4040,2531,1578,2038,949,823,383,2150,4131,1499,2268,3418,3313,1271,1629,3384,1137,2111,447,1481,3651,2489,3869,3951,3718,2225,1139,2858,1449,2160,1620,2078,2584,2971,3502,2823,2983,2954,1436,2082,3385
624,2248,2460,2210,1946,2057,2335,1185,432,2237,2688,2104,1445,2727,1012,1883,1902,1138,1760,2668,911,1845,2164,2093,1541,1585,723,1851,3559,2727,705,2838,1354,2572,1185,340,1298,1311,2653,3017,1348,2826,2195,2477,919,0,1656,2597,1999,2296,1081,591,2023,1647,3463,1798,2136,1651,1814,3121,1892,662,1287,541,104,643,1327,3230,648,1450,2624,2397,456,911,2724,912,1298,474,853,2848,1927,2977,3061,2799,1598,241,1961,530,1365,910,1384,1815,2051,2616,2120,2209,2074,604,1233,2635
1045,668,3407,2664,2599,3163,2347,1554,1450,1005,2031,1725,577,1080,2321,1818,1782,1211,2206,1232,2402,2829,583,1260,998,1527,1210,2256,2843,2659,1712,2437,540,2571,918,1462,2535,1427,2386,2704,1606,1539,587,826,2203,1656,0,1609,2065,2390,1020,2032,1138,2438,2796,2742,738,2363,1140,2798,393,1414,620,2191,1664,1825,2291,2578,1150,2386,1463,2453,1228,2254,1201,1089,821,1877,804,1689,285,2275,2330,2577,214,1684,1557,1474,2390,2263,441,767,2095,1927,743,3067,1486,1140,2155,1326
2064,1199,3028,2031,2186,3012,1423,1634,2190,621,572,827,1281,1511,2656,1187,1125,1491,1798,800,2897,2651,1224,504,1056,1223,2546,1777,1243,1525,2164,1072,1395,1533,1417,2268,2716,1428,1164,1342,1524,521,1286,1719,3432,2597,1609,0,1370,1526,1516,3155,582,2231,1211,2555,921,2119,784,1408,1235,1991,1417,2990,2665,3060,2320,1013,1953,2341,281,1522,2171,2649,1013,2511,1321,3007,1993,335,1461,720,753,1330,1437,2470,827,2125,2428,2664,1437,898,1355,483,905,2688,628,2008,2221,545
1758,2097,1658,683,819,1661,341,821,1581,1582,1033,547,1490,2587,1569,252,302,1022,467,2021,1869,1309,2066,1099,1067,554,2339,421,1737,732,1327,922,1552,586,1239,1678,1522,766,694,1040,662,1870,2136,2625,2918,1999,2065,1370,0,338,1213,2583,1170,917,1619,1218,1781,807,1003,1141,1883,1353,1495,2169,2097,2620,1114,1412,1533,1088,1601,424,1745,1604,2211,2412,1280,2473,1874,1704,2114,1260,1347,810,1852,1782,618,1473,1204,1619,1651,1409,53,1029,1752,1317,808,1607,1064,1809
2089,2379,1549,536,801,1647,115,1137,1889,1834,1081,763,1818,2851,1760,571,607,1358,605,2243,2070,1327,2354,1346,1391,891,2669,520,1630,444,1606,808,1884,280,1577,1985,1663,1101,562,838,984,2045,2425,2916,3211,2296,2390,1526,338,0,1551,2872,1434,1003,1505,1245,2058,906,1297,928,2189,1665,1830,2421,2397,2927,1273,1328,1860,1217,1783,103,2067,1810,2443,2746,1615,2770,2210,1849,2424,1247,1327,601,2175,2071,883,1779,1345,1825,1982,1708,298,1110,2029,1235,1046,1934,1256,2014
601,1382,2389,1711,1600,2146,1544,540,683,1201,1648,1108,514,1911,1376,1008,999,206,1230,1668,1529,1809,1311,1012,460,671,1168,1294,2529,1915,774,1882,492,1788,131,754,1554,461,1742,2103,623,1771,1365,1781,1938,1081,1020,1516,1213,1551,0,1646,943,1419,2443,1722,1174,1349,733,2207,1042,517,406,1501,1150,1582,1276,2208,441,1367,1553,1636,667,1329,1767,1213,266,1502,663,1773,1191,1936,2016,1915,844,966,943,636,1378,1340,583,787,1257,1566,1151,2053,1017,502,1141,1593
1106,2674,2861,2747,2459,2420,2917,1775,1022,2749,3273,2693,1945,3110,1399,2473,2493,1722,2317,3150,1180,2274,2588,2653,2101,2176,857,2410,4147,3308,1267,3429,1842,3150,1738,929,1676,1902,3243,3606,1937,3345,2607,2812,342,591,2032,3155,2583,2872,1646,0,2574,2149,4051,2244,2612,2170,2378,3710,2330,1253,1788,641,502,295,1812,3819,1204,1930,3160,2975,983,1300,3181,1035,1838,156,1262,3389,2316,3563,3646,3386,2024,801,2548,1121,1825,1292,1851,2332,2636,3199,2599,2654,2654,1147,1741,3146
1481,950,2780,1851,1918,2681,1359,1151,1625,415,894,677,715,1419,2176,929,871,946,1502,884,2390,2317,934,122,485,809,1970,1510,1736,1600,1638,1308,829,1546,838,1698,2276,941,1288,1580,1077,862,1005,1494,2849,2023,1138,582,1170,1434,943,2574,0,1887,1677,2220,626,1782,244,1670,824,1437,842,2436,2087,2478,1904,1452,1376,1949,619,1469,1591,2155,1055,1944,738,2426,1416,831,1069,1151,1214,1478,939,1907,554,1567,2015,2169,883,371,1178,792,599,2429,397,1428,1789,721
1719,2690,969,640,313,794,1103,884,1348,2291,1949,1412,1891,3217,829,1046,1107,1227,450,2771,1139,430,2635,1857,1570,1078,2227,505,2622,1422,972,1795,1900,1257,1520,1427,671,1038,1551,1841,860,2695,2699,3158,2489,1647,2438,2231,917,1003,1419,2149,1887,0,2499,333,2409,112,1659,1928,2395,1194,1818,1587,1751,2285,342,2307,1484,239,2426,1096,1612,904,2934,2364,1628,2085,1935,2565,2582,2176,2262,1604,2251,1406,1409,1244,369,917,1997,1992,955,1940,2381,636,1614,1545,414,2595
3042,2406,2970,2007,2305,3140,1398,2309,3031,1831,802,1358,2382,2658,3187,1624,1588,2333,2066,1931,3482,2831,2435,1559,2036,1881,3588,1996,127,1165,2869,703,2492,1299,2386,3123,3137,2154,947,722,2152,1553,2496,2911,4365,3463,2796,1211,1619,1505,2443,4051,1677,2499,0,2751,2132,2395,1771,682,2437,2802,2489,3734,3549,4020,2731,234,2872,2696,1440,1426,3102,3217,2134,3591,2333,3920,3041,1296,2669,525,466,928,2608,3280,1506,2938,2817,3232,2556,2044,1571,896,2115,2698,1433,2939,2684,1687
1962,3017,688,780,448,461,1354,1196,1558,2625,2249,1732,2207,3546,851,1368,1430,1537,759,3105,1128,96,2961,2190,1899,1412,2433,796,2876,1628,1179,2053,2209,1470,1829,1626,603,1362,1806,2066,1187,3025,3024,3478,2575,1798,2742,2555,1218,1245,1722,2244,2220,333,2751,0,2740,439,1993,2145,2717,1438,2125,1637,1898,2414,492,2571,1736,374,2756,1326,1836,946,3267,2584,1943,2202,2194,2891,2898,2462,2547,1835,2562,1564,1738,1464,434,955,2304,2322,1249,2247,2712,411,1943,1790,618,2928
1520,323,3341,2452,2485,3194,1985,1578,1813,301,1424,1304,696,815,2542,1532,1478,1280,2066,539,2703,2834,318,729,844,1346,1862,2088,2164,2222,1948,1888,782,2173,1043,1860,2694,1386,1898,2164,1554,803,387,869,2832,2136,738,921,1781,2058,1174,2612,626,2409,2132,2740,0,2312,782,2247,345,1685,851,2627,2173,2449,2364,1929,1514,2430,735,2095,1679,2500,596,1776,907,2456,1353,954,544,1630,1671,2086,624,2088,1174,1791,2474,2512,761,419,1793,1320,28,2990,1023,1540,2236,589
1681,2597,1047,586,296,901,1002,809,1328,2189,1838,1301,1810,3123,889,934,995,1152,339,2666,1202,536,2544,1750,1477,975,2205,399,2517,1332,960,1691,1823,1166,1444,1412,758,951,1448,1745,771,2586,2609,3072,2511,1651,2363,2119,807,906,1349,2170,1782,112,2395,439,2312,0,1557,1833,2307,1160,1743,1627,1755,2292,391,2201,1444,313,2316,1001,1585,957,2831,2334,1548,2099,1889,2454,2499,2066,2153,1507,2172,1410,1299,1222,444,970,1921,1897,845,1828,2284,704,1504,1507,430,2488
1302,1094,2570,1671,1710,2453,1237,907,1406,632,970,585,627,1595,1932,753,701,712,1292,1115,2148,2089,1062,281,278,581,1823,1308,1844,1523,1399,1312,729,1446,643,1483,2032,697,1246,1571,836,1105,1132,1622,2664,1814,1140,784,1003,1297,733,2378,244,1659,1771,1993,782,1557,0,1668,893,1209,718,2209,1884,2299,1664,1539,1174,1712,858,1346,1396,1911,1274,1819,567,2233,1272,1061,1133,1249,1322,1437,928,1685,424,1341,1775,1925,805,411,1020,876,753,2218,356,1231,1547,964
2800,2559,2304,1375,1696,2505,842,1935,2694,1957,839,1114,2292,2918,2683,1240,1228,2053,1529,2207,2990,2217,2565,1549,1883,1559,3375,1447,806,518,2465,362,2388,675,2185,2791,2591,1827,469,104,1772,1882,2634,3099,4040,3121,2798,1408,1141,928,2207,3710,1670,1928,682,2145,2247,1833,1668,0,2493,2462,2361,3311,3216,3725,2200,609,2596,2145,1686,832,2821,2728,2421,3414,2170,3593,2857,1629,2737,752,780,333,2590,2913,1289,2591,2273,2743,2471,2033,1088,938,2224,2048,1314,2669,2177,1951
1268,358,3352,2527,2512,3159,2131,1523,1612,620,1695,1470,527,873,2414,1631,1586,1193,2101,853,2540,2808,277,943,843,1386,1547,2137,2477,2408,1804,2131,572,2339,915,1645,2596,1357,2109,2404,1536,1147,323,764,2531,1892,393,1235,1883,2189,1042,2330,824,2395,2437,2717,345,2307,893,2493,0,1520,656,2405,1917,2148,2301,2226,1305,2382,1073,2240,1439,2360,853,1449,786,2173,1068,1297,245,1923,1972,2300,306,1874,1317,1609,2407,2371,514,483,1905,1590,350,3004,1206,1318,2168,933
525,1872,2126,1658,1450,1807,1693,532,231,1717,2035,1444,1003,2393,907,1223,1240,500,1178,2185,1021,1510,1796,1490,954,923,1051,1264,2900,2085,298,2176,949,1935,645,328,1128,648,1994,2358,693,2281,1844,2223,1578,662,1414,1991,1353,1665,517,1253,1437,1194,2802,1438,1685,1160,1209,2462,1520,0,864,999,754,1267,949,2570,300,1063,2054,1763,428,844,2280,1174,779,1131,758,2267,1633,2323,2408,2143,1278,485,1306,137,1031,854,1019,1304,1405,1967,1663,1820,1433,352,819,2107
683,1009,2787,2061,1981,2552,1802,934,966,961,1688,1249,158,1529,1760,1260,1234,591,1593,1380,1884,2213,932,946,478,943,1128,1648,2559,2145,1149,2013,86,2038,298,1009,1952,812,1916,2261,990,1557,979,1378,2038,1287,620,1417,1495,1830,406,1788,842,1818,2489,2125,851,1743,718,2361,656,864,0,1775,1330,1659,1682,2257,664,1773,1381,1903,831,1704,1445,1106,215,1634,575,1614,786,1965,2035,2102,438,1238,1073,955,1784,1715,178,546,1531,1593,834,2447,1069,688,1547,1357
1147,2763,2230,2214,1901,1783,2483,1428,820,2696,2998,2393,1931,3254,786,2112,2145,1498,1831,3148,540,1657,2680,2489,1951,1865,1221,1923,3840,2865,865,3069,1849,2701,1622,766,1051,1603,2859,3210,1581,3272,2715,3014,949,541,2191,2990,2169,2421,1501,641,2436,1587,3734,1637,2627,1627,2209,3311,2405,999,1775,0,565,884,1245,3508,1112,1355,3052,2524,968,694,3221,1416,1748,656,1389,3267,2456,3281,3368,2979,2120,539,2274,868,1238,683,1892,2276,2223,2939,2608,2041,2419,1089,1201,3092
653,2272,2556,2314,2050,2149,2435,1282,523,2286,2771,2191,1489,2741,1102,1977,1995,1219,1863,2708,982,1944,2187,2161,1608,1675,663,1955,3644,2827,809,2930,1393,2672,1248,427,1389,1401,2748,3112,1444,2879,2215,2478,823,104,1664,2665,2097,2397,1150,502,2087,1751,3549,1898,2173,1755,1884,3216,1917,754,1330,565,0,539,1429,3316,711,1552,2682,2498,502,1001,2757,856,1356,376,861,2909,1940,3060,3143,2895,1620,345,2045,625,1465,999,1416,1865,2150,2697,2159,2309,2153,660,1336,2684
998,2482,3056,2853,2587,2629,2960,1800,1039,2612,3229,2670,1811,2892,1589,2485,2498,1690,2402,2987,1406,2453,2395,2566,2021,2170,618,2493,4109,3352,1348,3426,1701,3200,1656,942,1874,1898,3255,3620,1960,3209,2409,2578,383,643,1825,3060,2620,2927,1582,295,2478,2285,4020,2414,2449,2292,2299,3725,2148,1267,1659,884,539,0,1957,3786,1148,2079,3040,3027,918,1487,3001,777,1740,228,1099,3273,2110,3518,3598,3409,1842,883,2514,1148,1985,1482,1696,2205,2672,3148,2439,2826,2600,1081,1870,3003
1471,2621,1179,974,655,872,1360,786,1066,2288,2115,1536,1779,3154,498,1176,1231,1108,671,2776,810,561,2558,1896,1521,1107,1943,753,2850,1709,687,2029,1768,1542,1393,1136,410,981,1792,2108,828,2748,2618,3054,2150,1327,2291,2320,1114,1273,1276,1812,1904,342,2731,492,2364,391,1664,2200,2301,949,1682,1245,1429,1957,0,2526,1249,123,2485,1372,1344,566,2921,2092,1516,1753,1707,2648,2466,2364,2452,1870,2121,1088,1494,972,110,579,1859,1946,1160,2090,2338,891,1692,1301,136,2625
2807,2212,2830,1846,2129,2973,1217,2081,2798,1627,569,1126,2153,2493,2975,1402,1364,2100,1868,1765,3267,2654,2237,1333,1802,1651,3354,1802,332,1031,2643,520,2262,1148,2151,2890,2935,1923,766,616,1926,1400,2299,2728,4131,3230,2578,1013,1412,1328,2208,3819,1452,2307,234,2571,1929,2201,1539,609,2226,2570,2257,3508,3316,3786,2526,0,2638,2497,1260,1257,2867,3001,1973,3358,2100,3686,2808,1140,2460,302,261,784,2387,3049,1272,2706,2615,3017,2327,1821,1366,665,1910,2544,1199,2705,2474,1515
240,1663,2424,1913,1728,2107,1874,731,307,1594,2082,1523,818,2170,1182,1365,1370,545,1426,2037,1253,1810,1583,1450,898,1037,809,1507,2961,2260,589,2286,740,2119,538,345,1418,775,2127,2492,876,2181,1624,1971,1499,648,1150,1953,1533,1860,441,1204,1376,1484,2872,1736,1514,1444,1174,2596,1305,300,664,1112,711,1148,1249,2638,0,1362,1976,1954,229,1109,2109,906,650,1061,458,2200,1388,2371,2452,2290,1038,573,1366,326,1331,1117,792,1172,1582,2003,1496,2115,1455,73,1118,1992
1587,2695,1062,880,550,779,1310,859,1187,2341,2107,1542,1864,3227,589,1177,1235,1191,629,2827,899,449,2635,1934,1586,1143,2065,702,2817,1646,808,1992,1858,1479,1480,1259,445,1044,1751,2056,880,2783,2695,3139,2268,1450,2386,2341,1088,1217,1367,1930,1949,239,2696,374,2430,313,1712,2145,2382,1063,1773,1355,1552,2079,123,2497,1362,0,2517,1313,1464,667,2978,2213,1600,1874,1820,2672,2553,2348,2435,1818,2211,1211,1514,1091,131,680,1950,2011,1132,2088,2403,768,1715,1416,244,2668
2055,973,3258,2274,2407,3216,1683,1757,2237,460,853,1053,1231,1240,2785,1397,1335,1566,2007,520,3007,2852,1012,593,1100,1377,2494,1995,1456,1803,2257,1353,1343,1806,1440,2306,2869,1547,1444,1622,1667,270,1067,1471,3418,2624,1463,281,1601,1783,1553,3160,619,2426,1440,2756,735,2316,858,1686,1073,2054,1381,3052,2682,3040,2485,1260,1976,2517,0,1785,2181,2768,734,2438,1326,3008,1950,235,1278,978,999,1611,1316,2519,1018,2183,2594,2782,1365,835,1591,765,725,2914,812,2022,2377,265
2182,2418,1594,591,879,1717,110,1234,1988,1862,1049,792,1886,2881,1860,643,672,1446,706,2257,2171,1405,2397,1376,1456,971,2762,619,1552,341,1709,737,1955,177,1657,2085,1759,1190,493,745,1080,2043,2468,2958,3313,2397,2453,1522,424,103,1636,2975,1469,1096,1426,1326,2095,1001,1346,832,2240,1763,1903,2524,2498,3027,1372,1257,1954,1313,1785,0,2163,1911,2460,2836,1690,2871,2297,1839,2478,1195,1272,510,2239,2173,926,1879,1441,1926,2052,1758,379,1087,2067,1292,1076,2028,1357,2023
183,1797,2523,2085,1877,2175,2087,931,284,1784,2311,1752,989,2286,1190,1586,1593,774,1604,2211,1201,1902,1714,1670,1118,1261,623,1688,3191,2475,657,2514,897,2331,754,250,1450,995,2351,2716,1083,2377,1747,2054,1271,456,1228,2171,1745,2067,667,983,1591,1612,3102,1836,1679,1585,1396,2821,1439,428,831,968,502,918,1344,2867,229,1464,2181,2163,0,1104,2268,751,856,837,444,2409,1489,2600,2681,2512,1151,458,1596,372,1414,1109,929,1363,1795,2232,1663,2229,1683,164,1221,2182
1273,2708,1568,1541,1217,1148,1886,1015,829,2491,2541,1937,1836,3233,101,1606,1651,1231,1205,2974,265,973,2634,2177,1702,1436,1613,1293,3331,2252,555,2525,1790,2085,1460,855,388,1222,2297,2631,1131,3017,2684,3067,1629,911,2254,2649,1604,1810,1329,1300,2155,904,3217,946,2500,957,1911,2728,2360,844,1704,694,1001,1487,566,3001,1109,667,2768,1911,1104,0,3088,1789,1595,1267,1536,2959,2477,2809,2897,2395,2123,706,1854,783,546,15,1863,2099,1655,2499,2477,1354,2032,1132,553,2864
2104,535,3835,2895,2974,3727,2353,2140,2408,643,1586,1682,1291,525,3127,1978,1918,1861,2557,213,3296,3363,618,1112,1404,1856,2397,2565,2130,2516,2539,2086,1372,2502,1636,2455,3267,1940,2162,2356,2098,582,626,838,3384,2724,1201,1013,2211,2443,1767,3181,1055,2934,2134,3267,596,2831,1274,2421,853,2280,1445,3221,2757,3001,2921,1973,2109,2978,734,2460,2268,3088,0,2288,1501,3025,1919,837,929,1704,1716,2336,1159,2683,1594,2387,3032,3101,1341,990,2213,1495,616,3484,1405,2133,2798,469
666,1757,3269,2819,2624,2905,2749,1634,1025,1985,2789,2304,1230,2132,1884,2219,2212,1391,2333,2302,1821,2647,1672,2051,1558,1882,194,2413,3663,3126,1404,3080,1116,2994,1229,961,2161,1646,2952,3310,1771,2569,1675,1805,1137,912,1089,2511,2412,2746,1213,1035,1944,2364,3591,2584,1776,2334,1819,3414,1449,1174,1106,1416,856,777,2092,3358,906,2213,2438,2836,751,1789,2288,0,1260,895,557,2673,1371,3069,3140,3128,1151,1083,2132,1122,2157,1791,1075,1615,2459,2695,1772,2980,2162,836,1972,2357
743,1119,2595,1848,1778,2378,1589,746,927,948,1531,1055,264,1650,1641,1047,1022,408,1385,1407,1795,2033,1051,826,297,728,1256,1437,2410,1936,1041,1827,282,1826,135,988,1811,606,1718,2068,786,1530,1106,1539,2111,1298,821,1321,1280,1615,266,1838,738,1628,2333,1943,907,1548,567,2170,786,779,215,1748,1356,1740,1516,2100,650,1600,1326,1690,856,1595,1501,1260,0,1688,708,1553,955,1814,1888,1902,624,1209,881,892,1621,1607,382,528,1317,1440,885,2252,901,696,1382,1344
953,2518,2836,2668,2391,2405,2810,1658,899,2595,3137,2563,1791,2955,1368,2354,2371,1587,2227,2994,1179,2237,2432,2507,1955,2050,712,2319,4013,3201,1172,3306,1687,3046,1591,803,1652,1776,3125,3489,1821,3192,2451,2660,447,474,1877,3007,2473,2770,1502,156,2426,2085,3920,2202,2456,2099,2233,3593,2173,1131,1634,656,376,228,1753,3686,1061,1874,3008,2871,837,1267,3025,895,1688,0,1105,3238,2161,3427,3509,3272,1868,702,2414,1002,1775,1262,1695,2179,2526,3061,2444,2613,2515,1002,1673,2991
264,1417,2882,2327,2167,2565,2207,1129,707,1515,2239,1747,719,1879,1617,1671,1662,852,1839,1892,1645,2269,1331,1517,1005,1334,553,1913,3117,2578,1043,2523,607,2451,672,693,1865,1111,2396,2754,1251,2111,1356,1624,1481,853,804,1993,1874,2210,663,1262,1416,1935,3041,2194,1353,1889,1272,2857,1068,758,575,1389,861,1099,1707,2808,458,1820,1950,2297,444,1536,1919,557,708,1105,0,2184,1078,2521,2595,2573,765,900,1575,765,1790,1542,597,1114,1918,2148,1342,2569,1609,413,1576,1904
2286,1165,3361,2361,2522,3347,1743,1944,2455,692,832,1162,1465,1362,2971,1523,1460,1774,2134,636,3202,2986,1213,785,1316,1545,2729,2113,1295,1812,2459,1322,1577,1837,1663,2528,3040,1736,1450,1577,1843,260,1262,1633,3651,2848,1689,335,1704,1849,1773,3389,831,2565,1296,2891,954,2454,1061,1629,1297,2267,1614,3267,2909,3273,2648,1140,2200,2672,235,1839,2409,2959,837,2673,1553,3238,2184,0,1493,887,887,1600,1547,2738,1159,2398,2756,2973,1601,1070,1688,764,947,3022,956,2249,2546,406
1309,393,3546,2747,2716,3332,2369,1701,1694,840,1936,1713,691,800,2538,1862,1818,1362,2310,981,2640,2988,313,1188,1058,1603,1495,2351,2705,2651,1926,2375,699,2580,1073,1714,2737,1549,2354,2649,1730,1317,305,592,2489,1927,285,1461,2114,2424,1191,2316,1069,2582,2669,2898,544,2499,1133,2737,245,1633,786,2456,1940,2110,2466,2460,1388,2553,1278,2478,1489,2477,929,1371,955,2161,1078,1493,0,2159,2205,2545,354,1940,1557,1706,2569,2487,616,724,2138,1831,558,3201,1451,1388,2331,1108
2532,1918,2790,1782,2033,2886,1131,1853,2547,1328,289,888,1857,2218,2790,1203,1157,1841,1728,1493,3072,2550,1940,1033,1517,1416,3071,1672,595,1046,2417,503,1966,1125,1872,2637,2775,1682,712,716,1704,1145,2003,2439,3869,2977,2275,720,1260,1247,1936,3563,1151,2176,525,2462,1630,2066,1249,752,1923,2323,1965,3281,3060,3518,2364,302,2371,2348,978,1195,2600,2809,1704,3069,1814,3427,2521,887,2159,0,88,803,2085,2806,1016,2460,2459,2824,2030,1519,1221,373,1610,2483,920,2437,2299,1240
2610,1952,2866,1861,2116,2968,1211,1940,2632,1369,372,975,1924,2234,2879,1292,1245,1924,1814,1507,3161,2634,1978,1098,1593,1503,3145,1758,523,1109,2504,565,2034,1195,1950,2721,2863,1768,784,755,1792,1147,2039,2467,3951,3061,2330,753,1347,1327,2016,3646,1214,2262,466,2547,1671,2153,1322,780,1972,2408,2035,3368,3143,3598,2452,261,2452,2435,999,1272,2681,2897,1716,3140,1888,3509,2595,887,2205,88,0,862,2143,2891,1101,2545,2547,2913,2095,1579,1307,450,1653,2562,998,2517,2387,1256
2500,2407,2048,1079,1386,2213,510,1613,2375,1812,768,857,2047,2809,2351,926,921,1751,1198,2123,2658,1911,2403,1363,1626,1255,3079,1117,1055,249,2137,299,2136,371,1904,2471,2263,1516,191,237,1451,1838,2473,2952,3718,2799,2577,1330,810,601,1915,3386,1478,1604,928,1835,2086,1507,1437,333,2300,2143,2102,2979,2895,3409,1870,784,2290,1818,1611,510,2512,2395,2336,3128,1902,3272,2573,1600,2545,803,862,0,2365,2587,1031,2270,1944,2410,2224,1825,757,847,2061,1770,1095,2363,1844,1871
