0,1736,1032,1256,2698,1817,2420,3059,1171,1982,2145,3182,2069,1707,1379,1812,1347,1276,1873,2101,1225,1539,672,929,1931,1705,2723,1904,2571,2193,441,1246,2677,1758,1611,1775,2226,1269,2544,1286,2348,1397,2740,1329,1112,992,2208,907,1883,1997,2568,1685,1610,1748,1214,1976,2545,1554,1130,1293,2706,1481,1182,1171,1266,1436,1924,2349,1264,1790,955,1169,534,1610,1443,2493,969,1282,1129,1364,2592,1817,185,1600,1490,632,1604,606,1298,1983,1539,2669,1627,1831,1575,312,1402,2090,2581,2569,1060,1668,2049,2771,1887,1657,1598,2063,754,1810,2553,920,1165,767,1960,2902,253,1849,2473,1797,1368,393,2442,2258,2690,2560,989,1820,2273,1013,2747,801,2908,1259,2046,2360,2540,1259,627,1991,989,800,2116,2070,2165,705,1301,581,2141,2243,1844,2367,2582,2321,811,1450,170,1579,1336,564,2535,2210,2460,1970,920,996,1810,1042,1660,1457,1216,3169,1490,1732,1689,949,737,1391,2385,1844,1849,1608,1141,269,2080,1926,1607,1953,553,2420,2559,1357,1481,2862,135,424,566,1601,1366,2570
1736,0,1730,1285,1178,1644,688,1509,1067,396,549,1570,964,1700,1890,1137,1683,658,899,664,2304,289,2113,1624,1742,1444,1353,1246,864,1585,2072,1463,962,365,533,2017,949,805,808,549,1334,2102,1006,776,955,1052,1467,2582,808,1037,990,1932,1119,2330,1806,1784,1174,1639,2005,501,1310,1352,1437,1769,2831,305,1392,848,866,108,1542,1527,1915,761,1999,1520,2160,460,2049,2740,1525,1688,1902,1113,1815,2356,525,2299,2313,1639,258,1816,1689,1962,761,1572,475,1069,889,1181,926,1687,1339,1121,1506,419,1407,1039,1847,2448,867,1803,1832,1050,1898,1351,1532,769,913,1714,1292,2130,730,916,996,1214,1000,1524,1228,2256,1199,1940,1423,2109,1337,1415,851,1156,2246,2480,1112,941,434,1255,1842,1770,1875,1161,1180,1210,543,995,1130,1833,2227,1290,1606,512,1618,1957,984,499,729,1954,1983,1002,831,1162,2056,1319,1536,1617,400,944,542,1833,1305,1738,1328,2470,167,422,2084,1980,1747,964,1195,2239,1612,683,848,389,1155,1235,1871,1806,1410,386,451,1158
1032,1730,0,537,2896,885,2366,3237,681,1766,2268,3299,1519,2513,348,2368,351,1072,1335,1741,2254,1694,1701,1842,979,2416,3026,1174,2571,1351,1439,2052,2657,1948,1916,2669,1725,939,2431,1569,1663,2377,2585,1786,1673,683,2791,1270,1398,1395,2716,658,2205,2725,2146,2749,2840,593,275,1242,2992,673,1987,2099,1303,1457,1122,1961,1774,1827,192,2013,1564,2034,2392,1756,2000,1335,2132,1082,1885,868,1172,936,467,1459,1906,1513,584,1079,1472,1847,2446,810,1140,743,1257,1485,2606,2854,806,2478,1293,2848,1025,1895,758,1471,1756,2802,2588,158,2112,1313,966,3078,1130,1385,2634,836,2083,1206,2437,2552,2434,2871,741,2536,2724,2046,2923,389,3137,2258,2624,1637,2570,1927,1603,2962,620,1159,2165,2605,1219,1692,272,951,1487,1597,1514,1886,2826,1407,732,684,1105,1875,2186,632,2706,2055,2316,2803,339,736,1309,1729,2587,2168,307,3346,1716,1164,1988,1926,1509,2272,2840,2835,1754,1384,2149,1023,1151,2371,2236,2873,482,2323,2351,1488,2116,2964,1068,651,1398,1825,1593,2841
1256,1285,537,0,2463,594,1875,2789,239,1258,1834,2832,985,2394,607,2112,397,642,798,1209,2388,1316,1909,1852,715,2241,2627,681,2089,938,1698,1965,2168,1560,1578,2609,1189,483,1925,1266,1163,2417,2068,1534,1491,388,2525,1744,861,866,2272,684,1980,2747,2147,2596,2444,414,794,844,2587,227,1906,2099,1829,1053,673,1425,1551,1389,409,1955,1736,1739,2396,1279,2150,967,2215,1619,1397,609,1432,408,537,1812,1568,1833,1094,736,1030,1422,2340,763,615,946,815,959,2129,2454,457,2363,817,2380,631,1530,345,942,1860,2840,2114,671,2129,1199,799,2633,1244,849,2198,605,1936,1545,1957,2166,1906,2480,442,2356,2396,2216,2483,887,2708,2329,2363,1152,2096,1769,1881,2968,341,998,1711,2323,933,1784,600,899,973,1083,992,1350,2411,1070,1235,194,1257,1538,2118,1061,2269,1550,1807,2688,867,433,772,1606,2559,2012,262,2896,1366,628,1640,1986,1470,2223,2509,2872,1278,897,2239,1353,840,2060,2027,2828,762,1823,1830,1128,1920,2500,1341,1003,1417,1461,1260,2435
2698,1178,2896,2463,0,2783,757,361,2244,1318,630,510,1941,1801,3069,1151,2861,1832,1962,1545,2816,1219,2861,2206,2868,1529,306,2330,564,2623,2924,1875,593,968,1086,2128,1818,1983,858,1424,2244,2468,945,1387,1626,2213,1105,3598,1859,2062,207,3101,1321,2543,2234,1698,284,2808,3169,1654,251,2520,1892,2219,3905,1439,2486,1547,1471,1075,2705,1981,2688,1123,2318,2406,2770,1568,2554,3864,2351,2830,2829,2261,2992,3255,1093,3165,3475,2745,1434,2706,1845,3120,1912,2617,1652,2056,501,253,2089,1815,2388,331,2620,1051,2564,2033,2516,2661,485,2956,2289,1930,3034,206,2454,1833,266,2861,1646,3075,632,468,1202,320,2156,1521,744,2868,72,3070,245,2555,1116,2342,503,1624,3065,2589,2275,1926,760,1004,2929,2458,3052,2184,2162,2146,1597,1761,155,2874,3324,2460,2538,1119,1966,3040,194,1078,953,1913,3126,2160,1914,1779,2252,1603,2714,472,1230,2057,1008,2406,2056,2054,731,2669,1205,1581,2589,2964,2843,903,1382,2291,2716,856,1089,1427,1454,292,2830,2875,2217,1115,1361,218
1817,1644,885,594,2783,0,2101,3074,792,1476,2175,3080,953,2960,673,2619,538,1104,848,1315,2978,1758,2482,2445,121,2789,2990,505,2326,496,2253,2545,2383,1976,2044,3189,1157,949,2104,1773,919,3010,2201,2061,2050,972,3018,2151,949,806,2580,436,2509,3339,2739,3148,2816,292,1027,1310,2944,379,2487,2691,2131,1489,366,1458,2092,1753,876,2540,2316,2232,2987,952,2737,1447,2808,1833,1093,50,1984,532,493,2325,2033,2363,1244,199,1421,980,2911,368,883,1505,1233,866,2376,2820,1013,2931,545,2636,210,1973,271,869,2452,3434,2370,1044,2723,1784,253,2927,1830,966,2520,94,2499,2063,2206,2560,1981,2857,1019,2901,2844,2800,2789,1273,3027,2923,2863,859,2350,2331,2431,3558,932,1578,2025,2809,348,2376,735,1494,809,903,1191,1306,2759,522,1606,437,1836,2005,2701,1514,2590,1753,1979,3253,1203,1010,879,2182,3146,2570,612,3174,1831,727,2094,2581,2062,2808,2952,3465,1581,1222,2832,1873,268,2531,2563,3411,1283,2027,1951,1601,2465,2762,1886,1503,2011,1909,1746,2795
2420,688,2366,1875,757,2101,0,985,1685,630,439,978,1207,2063,2479,1399,2263,1303,1257,809,2869,898,2754,2197,2174,1780,1038,1622,225,1890,2739,1958,292,749,970,2402,1067,1426,170,1173,1491,2604,370,1302,1528,1708,1568,3271,1154,1337,555,2458,1480,2772,2324,2059,917,2170,2640,1178,982,1886,1949,2295,3514,994,1778,790,1400,630,2185,2044,2560,1145,2477,1650,2758,1148,2606,3407,1594,2150,2582,1603,2375,3035,969,2971,2949,2039,922,1950,2078,2455,1274,2261,1122,1320,279,904,1583,2062,1662,538,1922,865,1909,1300,2458,2894,280,2455,2363,1706,2345,852,2208,1135,542,2185,1748,2813,125,813,517,967,1661,1823,1223,2856,737,2608,979,2644,1500,1590,261,1654,2907,2879,1764,1621,343,1389,2210,2386,2476,1848,1423,1397,915,1004,803,2138,2907,1831,2285,978,2093,2641,593,348,208,2261,2641,1662,1222,1727,2481,1743,2137,1079,976,1377,919,2410,1929,2204,1277,2910,616,982,2641,2667,2129,1145,1558,2604,2292,100,369,1063,1571,664,2556,2493,2054,891,1079,866
3059,1509,3237,2789,361,3074,985,0,2575,1597,969,211,2193,2096,3396,1473,3185,2167,2237,1795,3146,1572,3213,2551,3152,1835,467,2604,763,2875,3282,2210,738,1325,1448,2413,2047,2313,1036,1785,2466,2784,1055,1747,1985,2555,1356,3960,2133,2322,520,3411,1654,2834,2563,1962,574,3119,3511,1996,442,2831,2231,2551,4264,1783,2760,1755,1829,1409,3047,2318,3043,1480,2630,2615,3112,1917,2887,4218,2545,3122,3190,2561,3311,3615,1454,3524,3818,3021,1767,2909,2148,3420,2219,2977,1984,2305,706,542,2430,2114,2648,449,2901,1411,2867,2286,2865,2949,707,3302,2620,2292,3321,160,2816,2111,605,3155,1981,3437,871,819,1332,586,2500,1812,1020,3209,317,3421,202,2880,1399,2566,727,1971,3421,2859,2617,2287,1078,1294,3195,2809,3383,2544,2407,2378,1882,1967,489,3123,3681,2773,2900,1481,2291,3398,536,1331,1151,2176,3475,2503,2196,2133,2547,1933,3043,111,1589,2346,1369,2748,2414,2373,974,2955,1515,1896,2921,3325,3113,1239,1710,2559,3071,1073,1254,1780,1792,325,3192,3234,2576,1474,1720,524
1171,1067,681,239,2244,792,1685,2575,0,1085,1614,2628,932,2171,827,1873,627,412,734,1082,2235,1080,1794,1666,913,2010,2398,736,1893,1051,1609,1753,1977,1326,1339,2397,1118,262,1749,1026,1179,2233,1905,1297,1264,194,2285,1776,772,840,2057,924,1744,2555,1955,2366,2214,649,955,608,2359,413,1695,1907,1916,820,777,1314,1317,1169,508,1749,1610,1500,2202,1322,2007,728,2047,1747,1423,816,1354,431,774,1767,1328,1770,1263,902,809,1507,2120,999,480,877,592,934,1929,2225,223,2142,882,2176,779,1293,523,911,1705,2653,1913,784,1942,993,1017,2418,1114,749,1979,819,1711,1501,1760,1934,1765,2249,230,2125,2157,2080,2266,971,2487,2156,2124,1189,1895,1543,1797,2771,181,786,1498,2083,1112,1626,808,729,975,1080,842,1273,2186,1221,1306,355,1141,1298,1909,1090,2051,1373,1635,2465,979,221,687,1390,2356,1785,471,2683,1127,576,1402,1815,1278,2016,2271,2683,1076,703,2073,1311,1014,1820,1793,2619,752,1641,1674,889,1688,2294,1273,995,1244,1224,1020,2207
1982,396,1766,1258,1318,1476,630,1597,1085,0,752,1607,640,2096,1856,1518,1640,745,643,279,2668,681,2430,1990,1555,1837,1554,1012,853,1312,2356,1853,919,734,925,2413,576,837,667,919,987,2486,820,1168,1333,1141,1821,2770,540,748,1112,1828,1512,2722,2189,2173,1393,1540,2038,688,1503,1257,1823,2150,2971,588,1167,454,1256,457,1593,1912,2230,1152,2388,1168,2509,725,2419,2829,1156,1525,2158,972,1747,2613,918,2571,2345,1427,458,1471,2085,1826,648,1772,586,754,901,1392,1021,2083,1072,1160,1305,808,1279,728,2192,2840,893,1868,2211,1370,1723,1452,1807,515,1061,1559,1686,2370,729,1182,712,1440,1103,1915,1545,2603,1318,2040,1559,2485,1703,1077,874,1548,2537,2876,1189,1224,583,1612,1611,2112,1857,1402,865,871,286,603,1315,1563,2358,1203,1873,906,2010,2108,1129,292,550,2347,2060,1102,599,1539,2451,1715,1521,1697,794,749,925,2197,1650,2130,1633,2863,230,396,2453,2204,1524,1323,1589,2635,1755,568,597,726,1551,1286,2113,1976,1733,781,826,1361
2145,549,2268,1834,630,2175,439,969,1614,752,0,1053,1392,1624,2439,959,2232,1202,1380,1014,2467,615,2402,1806,2266,1341,815,1744,468,2060,2420,1540,578,389,579,1963,1308,1353,610,859,1731,2182,803,916,1154,1586,1152,3030,1280,1497,449,2478,1044,2338,1909,1621,646,2185,2542,1027,769,1897,1537,1883,3313,813,1897,1091,1013,445,2078,1632,2215,722,2051,1907,2373,949,2202,3252,1879,2221,2292,1647,2364,2735,581,2658,2849,2152,804,2212,1641,2503,1296,2031,1021,1506,458,647,1462,1624,1818,626,2023,497,1947,1480,2086,2459,425,2332,1951,1393,2428,810,1914,1248,366,2249,1324,2533,375,437,947,690,1530,1383,829,2472,654,2454,874,2232,1070,1824,417,1244,2578,2441,1648,1351,172,962,2346,2018,2422,1601,1617,1620,1009,1292,585,2312,2722,1836,1995,598,1668,2442,437,591,622,1822,2506,1534,1324,1342,2046,1313,2084,1079,654,1457,515,2017,1575,1777,902,2475,595,960,2238,2405,2255,707,1121,2164,2108,517,790,819,1141,723,2280,2282,1718,546,779,620
3182,1570,3299,2832,510,3080,978,211,2628,1607,1053,0,2172,2291,3439,1655,3226,2226,2234,1778,3325,1668,3369,2717,3152,2026,674,2597,754,2849,3425,2385,700,1430,1575,2612,2012,2365,994,1899,2421,2971,972,1888,2129,2623,1560,4077,2132,2308,614,3434,1830,3031,2742,2165,761,3144,3574,2068,644,2859,2402,2728,4367,1858,2753,1710,1975,1478,3112,2491,3194,1630,2819,2560,3281,2000,3064,4303,2480,3129,3320,2579,3345,3752,1581,3666,3883,3013,1827,2847,2340,3433,2245,3083,2042,2282,707,729,2497,2307,2630,452,2899,1525,2886,2265,3026,3147,719,3373,2798,2419,3323,310,2944,2114,709,3164,2156,3565,879,979,1249,780,2570,2008,1217,3379,448,3504,410,3062,1597,2521,737,2135,3569,3062,2683,2398,1135,1489,3179,2968,3431,2652,2380,2341,1893,1918,658,3093,3775,2802,3027,1605,2472,3496,648,1326,1116,2380,3551,2573,2200,2287,2743,2111,3091,190,1697,2355,1498,2917,2559,2559,1178,3154,1554,1935,3098,3446,3101,1412,1889,2762,3162,1054,1195,1873,1964,335,3317,3336,2717,1584,1826,705
2069,964,1519,985,1941,953,1207,2193,932,640,1392,2172,0,2607,1491,2095,1283,835,198,398,2988,1198,2636,2341,1003,2372,2189,448,1430,683,2494,2292,1471,1330,1483,2902,211,801,1179,1357,374,2884,1255,1648,1750,1084,2431,2706,201,147,1734,1365,2053,3161,2586,2724,2032,1109,1762,939,2137,873,2249,2543,2815,989,597,504,1719,1056,1391,2328,2440,1708,2811,561,2791,1053,2762,2597,595,1004,2254,584,1342,2685,1474,2675,2046,851,858,853,2583,1322,496,1793,805,114,1487,2030,1009,2589,458,1744,752,1377,839,93,2472,3273,1487,1657,2594,1654,1176,2057,1960,244,1692,1046,2165,2421,1324,1821,1027,2079,1080,2464,2176,2876,1933,1870,2177,2849,2301,451,1467,2007,2682,3341,1102,1459,1223,2219,1007,2390,1518,1539,224,248,423,371,1950,932,2216,843,2006,1455,2455,2019,1757,865,1056,2879,1853,1074,259,1940,2912,2211,1221,2285,1305,361,1503,2528,1960,2574,2268,3299,831,636,2793,2235,931,1928,2124,3128,1684,1121,1007,1144,2062,1871,2183,1928,1992,1333,1284,1998
1707,1700,2513,2394,1801,2960,2063,2096,2171,2096,1624,2291,2607,0,2832,675,2700,1895,2483,2362,1134,1424,1444,798,3080,284,1635,2746,2060,3107,1655,468,2161,1387,1174,339,2636,2030,2234,1255,2981,721,2428,959,910,2006,777,2517,2419,2637,1806,3048,592,742,604,278,1531,2805,2713,1715,1654,2584,534,621,2930,1619,2855,2545,896,1646,2350,537,1359,952,561,3168,1197,1581,913,3070,3197,2987,1725,2494,2865,1993,1180,1865,2948,3044,1749,3446,85,3151,2223,1851,1835,2696,2027,1563,1948,39,2877,2059,2911,1294,2689,2664,1091,860,1992,2470,672,1210,3188,1983,1481,2375,1725,2991,461,1943,1994,1370,2556,1512,1951,284,1076,1277,1872,2441,1896,857,698,3048,1992,630,1708,816,2058,1398,1740,802,3261,1085,2772,1564,2798,2854,2195,2695,1646,3327,2517,2524,1548,1190,378,2254,1747,2113,2232,294,2548,1960,2404,792,451,399,2528,2182,1312,2447,1190,890,1016,371,1134,870,1865,1973,940,1940,3160,940,513,544,2087,2133,2395,1466,547,2079,1792,2090,1160,1314,1324,1590
1379,1890,348,607,3069,673,2479,3396,827,1856,2439,3439,1491,2832,0,2642,216,1240,1329,1778,2602,1902,2046,2182,738,2719,3225,1083,2694,1169,1780,2377,2771,2152,2149,3002,1702,1086,2521,1816,1556,2722,2656,2057,1969,902,3063,1516,1411,1351,2879,332,2490,3069,2486,3061,3041,403,365,1433,3187,622,2312,2439,1461,1647,989,1972,2057,1994,483,2343,1912,2290,2733,1615,2348,1546,2480,1161,1753,641,1515,921,180,1776,2139,1840,575,872,1634,1653,2768,492,1208,1091,1418,1432,2735,3052,1010,2798,1173,2987,858,2113,655,1425,2104,3147,2721,470,2454,1624,679,3240,1476,1409,2804,598,2392,1531,2563,2759,2475,3076,963,2838,2966,2393,3089,669,3313,2605,2897,1510,2702,2232,1938,3304,838,1453,2318,2869,965,2040,82,1269,1407,1513,1582,1862,3013,1171,968,664,1453,2108,2515,942,2875,2148,2401,3124,573,957,1324,2042,2924,2475,356,3503,1941,1165,2216,2271,1839,2605,3081,3180,1885,1504,2497,1355,917,2620,2527,3209,831,2423,2412,1705,2411,3107,1410,988,1737,2043,1826,3035
1812,1137,2368,2112,1151,2619,1399,1473,1873,1518,959,1655,2095,675,2642,0,2473,1515,2004,1796,1673,903,1797,1110,2733,391,1035,2315,1385,2672,1922,746,1486,783,611,1014,2086,1672,1570,849,2468,1316,1759,585,722,1748,422,2709,1924,2152,1137,2795,207,1410,1090,668,898,2522,2610,1310,1041,2264,776,1080,3078,1152,2444,1949,597,1061,2183,856,1651,393,1167,2654,1653,1172,1416,3134,2663,2654,1897,2108,2633,2269,621,2159,2887,2665,1258,2948,705,2871,1789,1845,1402,2195,1352,930,1656,681,2429,1390,2529,718,2353,2164,1435,1530,1316,2368,1149,1102,2865,1345,1559,1881,1053,2668,523,2142,1323,701,1903,890,1687,423,493,1748,1220,2404,1280,1407,255,2545,1317,565,2032,1490,1809,1214,1089,257,2880,1391,2597,1453,2304,2343,1672,2120,998,2910,2569,2200,1642,642,818,2283,1078,1486,1577,863,2492,1694,1928,774,1116,463,2302,1568,806,2006,595,1292,1082,903,592,1542,1291,1487,1450,2078,2780,264,242,1207,2029,1474,1743,1022,349,1418,1930,2110,1257,762,874,951
1347,1683,351,397,2861,538,2263,3185,627,1640,2232,3226,1283,2700,216,2473,0,1037,1117,1563,2552,1707,2019,2087,628,2572,3023,889,2480,1018,1769,2253,2556,1953,1962,2888,1495,880,2305,1637,1371,2640,2439,1890,1818,725,2891,1613,1197,1146,2670,354,2329,2982,2390,2919,2840,245,504,1235,2984,411,2190,2342,1607,1447,811,1760,1896,1787,395,2228,1870,2111,2639,1444,2302,1353,2411,1336,1579,518,1500,708,164,1808,1951,1857,765,735,1428,1511,2640,487,992,1042,1212,1230,2521,2850,824,2667,991,2773,695,1919,458,1221,2040,3066,2507,508,2363,1490,620,3030,1407,1194,2595,485,2252,1551,2349,2561,2260,2876,786,2690,2780,2355,2880,735,3106,2533,2727,1333,2489,2089,1939,3213,664,1306,2107,2693,867,1970,235,1148,1212,1320,1365,1655,2809,1058,1068,449,1396,1921,2398,984,2667,1932,2185,2994,665,779,1110,1908,2821,2333,173,3292,1751,952,2026,2194,1727,2494,2894,3098,1673,1291,2430,1365,801,2438,2371,3100,795,2208,2196,1514,2257,2895,1397,992,1641,1850,1640,2832
1276,658,1072,642,1832,1104,1303,2167,412,745,1202,2226,835,1895,1240,1515,1037,0,658,826,2155,675,1806,1520,1218,1701,1986,855,1503,1215,1682,1520,1592,917,948,2156,964,162,1385,670,1173,2075,1557,963,990,405,1915,2027,636,807,1647,1316,1410,2371,1782,2061,1802,1029,1347,207,1947,756,1470,1736,2228,410,960,1073,1005,758,886,1540,1609,1128,2017,1347,1955,342,1935,2103,1414,1139,1459,602,1180,1907,938,1880,1656,1159,400,1593,1855,1372,354,1038,184,888,1535,1813,280,1870,992,1775,1023,891,839,856,1637,2478,1516,1152,1783,826,1351,2009,1138,596,1568,1155,1434,1653,1368,1523,1454,1838,361,1809,1762,2040,1856,1307,2076,2028,1759,1217,1499,1267,1870,2568,460,626,1092,1708,1376,1555,1220,715,968,1052,568,1096,1773,1432,1616,691,1192,909,1683,1363,1640,1015,1278,2183,1338,361,582,1156,2141,1497,883,2276,734,571,1005,1700,1133,1799,1873,2506,687,349,1965,1478,1275,1435,1467,2383,1010,1270,1342,499,1376,1891,1401,1232,1157,823,642,1795
1873,899,1335,798,1962,848,1257,2237,734,643,1380,2234,198,2483,1329,2004,1117,658,0,468,2814,1100,2448,2175,917,2259,2192,368,1482,686,2300,2147,1536,1262,1393,2768,391,609,1255,1227,517,2725,1357,1524,1606,886,2360,2509,103,154,1756,1235,1945,3011,2429,2615,2026,963,1583,784,2142,707,2101,2384,2625,866,524,643,1588,1000,1199,2177,2253,1611,2659,696,2611,908,2592,2415,756,898,2058,409,1190,2487,1383,2479,1873,784,747,962,2453,1210,307,1596,654,230,1534,2027,814,2462,441,1794,665,1295,691,198,2294,3121,1530,1469,2433,1483,1088,2094,1770,132,1704,936,2033,2224,1365,1795,1153,2071,883,2355,2127,2694,1961,1678,2203,2683,2222,569,1510,1871,2489,3198,904,1284,1218,2147,968,2212,1351,1350,317,394,371,551,1955,936,2023,670,1813,1361,2310,1822,1772,909,1131,2761,1665,877,79,1789,2769,2084,1042,2334,1201,170,1422,2358,1790,2429,2225,3148,792,517,2622,2037,880,1857,2013,2995,1487,1180,1108,1017,1942,1920,1986,1730,1813,1243,1162,1998
2101,664,1741,1209,1545,1315,809,1795,1082,279,1014,1778,398,2362,1778,1796,1563,826,468,0,2880,939,2600,2208,1378,2108,1798,821,1033,1081,2499,2098,1077,1013,1198,2675,297,869,790,1155,717,2722,889,1421,1568,1182,2100,2835,372,529,1338,1702,1784,2971,2423,2448,1646,1426,2003,838,1745,1158,2065,2383,2997,797,976,247,1505,735,1584,2151,2400,1425,2632,894,2706,910,2637,2821,876,1365,2283,860,1649,2732,1190,2703,2303,1236,658,1198,2348,1678,603,1862,711,511,1089,1642,1075,2348,853,1347,1125,1082,1155,491,2387,3088,1088,1860,2441,1557,1551,1659,1950,369,1298,1404,1943,2479,925,1449,698,1693,1156,2189,1821,2798,1536,2053,1779,2710,1982,810,1069,1798,2685,3132,1219,1389,842,1892,1402,2305,1792,1532,617,607,258,333,1558,1330,2386,1114,2009,1176,2258,2157,1362,467,666,2618,2057,1153,455,1770,2705,1976,1467,1888,1052,617,1202,2410,1851,2378,1906,3112,505,502,2670,2303,1322,1603,1859,2898,1807,724,641,949,1815,1473,2227,2040,1916,1051,1066,1609
1225,2304,2254,2388,2816,2978,2869,3146,2235,2668,2467,3325,2988,1134,2602,1673,2552,2155,2814,2880,0,2022,599,680,3097,1337,2706,2954,2935,3286,895,943,3045,2120,1900,953,3092,2225,3031,1755,3328,428,3237,1568,1353,2041,1898,1707,2787,2961,2771,2899,1495,675,583,1381,2572,2738,2352,2060,2714,2613,934,597,2143,2086,3012,3110,1469,2301,2157,841,691,1749,582,3498,257,1970,265,2397,3570,2986,1118,2654,2703,1130,1900,996,2489,3122,2224,3724,1058,3039,2508,1513,2195,3044,2919,2603,2053,1102,3100,3018,3009,2005,2732,3012,530,681,2884,2146,527,1335,3150,3015,1149,2745,2678,2972,1171,1221,2837,2351,3289,2564,2011,1397,2150,247,2883,2015,2954,277,1791,3365,2879,1224,826,902,2066,1529,2526,1878,3321,609,2524,1507,3121,3208,2648,3199,2666,3452,1930,2569,1155,1891,856,1751,2718,2797,2990,1246,2135,2020,2738,1148,780,1213,2406,3242,1920,2713,1955,471,1032,787,2228,713,2464,2393,229,1326,3229,1912,1436,1012,1771,2911,3133,1942,1363,3066,1222,1641,1003,1986,1853,2623
1539,289,1694,1316,1219,1758,898,1572,1080,681,615,1668,1198,1424,1902,903,1707,675,1100,939,2022,0,1859,1341,1865,1177,1332,1416,1032,1771,1842,1174,1139,254,294,1736,1212,837,1041,277,1573,1813,1246,487,669,1013,1272,2416,1022,1249,1058,1992,855,2041,1517,1526,1145,1704,1964,471,1297,1427,1147,1481,2698,269,1551,1135,577,281,1502,1238,1664,511,1710,1760,1886,359,1765,2645,1779,1797,1693,1231,1853,2143,284,2075,2267,1783,355,2049,1408,2044,896,1415,525,1296,1042,1160,895,1409,1527,1239,1647,216,1501,1264,1577,2160,1013,1743,1544,808,2009,1412,1317,979,968,1816,1006,1930,906,859,1268,1177,954,1265,1089,1983,1255,1851,1453,1822,1127,1647,1001,867,2009,2195,1077,740,578,1060,1994,1501,1874,986,1403,1447,778,1273,1135,2012,2109,1362,1396,261,1329,1828,1036,774,980,1686,1909,959,1025,876,1770,1037,1546,1684,113,1107,336,1552,1039,1449,1199,2182,456,584,1800,1795,1896,775,928,1959,1498,916,1115,208,876,1338,1675,1667,1158,151,181,1146
672,2113,1701,1909,2861,2482,2754,3213,1794,2430,2402,3369,2636,1444,2046,1797,2019,1806,2448,2600,599,1859,0,692,2598,1554,2813,2529,2863,2838,296,1073,2973,2021,1825,1386,2770,1840,2900,1582,2947,898,3106,1491,1250,1603,2120,1137,2441,2585,2773,2356,1593,1225,846,1721,2654,2224,1774,1762,2809,2136,1029,823,1572,1845,2565,2843,1399,2137,1627,965,200,1738,1003,3104,350,1705,608,1804,3192,2484,534,2224,2162,569,1822,434,1895,2643,1972,3301,1360,2503,2141,980,1890,2674,2860,2683,1644,1406,2676,3005,2540,1907,2254,2645,366,1257,2827,1580,779,1064,2632,3067,682,2402,2677,2466,1278,623,2747,2394,3108,2657,1587,1648,2291,360,2920,1432,3037,729,1981,2970,2818,1248,267,1466,1614,1211,2420,2040,2831,406,1966,1098,2738,2834,2350,2897,2723,2980,1332,2100,654,1804,1079,1162,2729,2612,2837,1645,1551,1594,2378,1081,1232,1351,1886,3318,1777,2324,1895,554,827,1076,2388,1290,2255,2098,602,732,2743,1988,1558,1510,1225,2776,2961,1725,1450,3075,640,1065,703,1869,1678,2694
929,1624,1842,1852,2206,2445,2197,2551,1666,1990,1806,2717,2341,798,2182,1110,2087,1520,2175,2208,680,1341,692,0,2567,867,2136,2351,2274,2698,864,382,2385,1448,1231,848,2431,1610,2356,1075,2692,566,2563,895,673,1476,1429,1719,2140,2326,2138,2441,909,897,303,1075,1984,2238,2005,1403,2136,2068,337,256,2132,1411,2427,2435,796,1620,1705,277,571,1101,551,2868,569,1303,428,2283,2930,2461,930,2061,2248,1208,1230,1085,2211,2568,1550,3110,714,2566,1875,1123,1538,2404,2262,2014,1462,758,2495,2380,2445,1332,2184,2372,326,988,2228,1770,277,695,2644,2410,731,2096,2043,2455,587,1145,2170,1737,2609,1983,1435,967,1603,668,2269,1704,2368,508,1288,2737,2221,582,940,1125,1513,902,1854,1349,2777,296,2113,953,2488,2569,1983,2532,2063,2885,1739,2016,784,1219,419,1490,2089,2116,2311,1045,1818,1444,2097,469,746,659,1924,2653,1240,2089,1291,213,391,462,1699,1019,1784,1730,462,1148,2680,1314,869,1037,1379,2235,2453,1265,766,2438,1002,1336,446,1309,1172,2028
1931,1742,979,715,2868,121,2174,3152,913,1555,2266,3152,1003,3080,738,2733,628,1218,917,1378,3097,1865,2598,2567,0,2907,3082,558,2400,463,2365,2666,2453,2078,2153,3311,1199,1064,2169,1888,922,3132,2257,2177,2170,1094,3128,2237,1020,857,2664,458,2625,3461,2861,3266,2909,388,1099,1422,3035,500,2608,2813,2198,1597,405,1505,2210,1849,985,2662,2434,2344,3109,931,2856,1560,2929,1887,1074,114,2096,634,558,2429,2142,2471,1296,166,1524,922,3031,350,981,1619,1341,907,2452,2913,1134,3052,566,2712,253,2080,391,914,2571,3556,2446,1137,2844,1905,173,3008,1949,1041,2606,143,2619,2168,2282,2658,2029,2952,1141,3018,2949,2918,2872,1363,3111,3044,2975,852,2427,2450,2542,3680,1053,1700,2113,2919,239,2496,806,1615,837,922,1272,1341,2849,434,1690,558,1953,2115,2822,1611,2676,1826,2045,3373,1287,1132,956,2303,3268,2690,720,3251,1941,811,2202,2702,2183,2929,3056,3587,1671,1320,2953,1979,179,2639,2680,3533,1393,2097,2008,1712,2583,2838,1997,1608,2132,2016,1858,2887
1705,1444,2416,2241,1529,2789,1780,1835,2010,1837,1341,2026,2372,284,2719,391,2572,1701,2259,2108,1337,1177,1554,867,2907,0,1381,2540,1776,2902,1726,486,1877,1117,912,623,2388,1846,1951,1040,2747,951,2144,740,753,1858,571,2563,2189,2412,1526,2911,324,1019,764,360,1264,2655,2635,1510,1395,2419,540,765,2960,1392,2658,2282,697,1383,2242,590,1437,686,795,2934,1355,1373,1092,3064,2956,2819,1753,2304,2735,2073,919,1952,2888,2860,1516,3218,316,3004,2013,1803,1622,2466,1743,1296,1787,289,2666,1779,2724,1030,2518,2433,1188,1139,1707,2390,829,1103,3025,1716,1462,2145,1444,2827,342,1987,1710,1090,2276,1249,1801,120,820,1445,1600,2387,1637,1062,454,2818,1708,488,1808,1100,1915,1267,1459,545,3076,1163,2665,1466,2570,2621,1955,2439,1374,3129,2502,2356,1538,931,492,2227,1467,1840,1951,510,2488,1809,2181,695,726,252,2399,1925,1068,2236,920,1012,974,549,892,1151,1607,1744,1123,1956,2975,656,249,823,2021,1851,2116,1244,325,1803,1806,2057,1139,1057,1096,1321
2723,1353,3026,2627,306,2990,1038,467,2398,1554,815,674,2189,1635,3225,1035,3023,1986,2192,1798,2706,1332,2813,2136,3082,1381,0,2557,862,2866,2907,1780,899,1078,1139,1948,2081,2143,1154,1493,2508,2332,1251,1394,1619,2345,888,3630,2090,2302,486,3284,1228,2370,2123,1495,186,2992,3295,1794,56,2705,1807,2114,3961,1579,2711,1823,1464,1245,2834,1890,2653,1113,2177,2675,2687,1691,2450,3950,2628,3036,2839,2461,3163,3247,1147,3148,3597,2967,1599,2978,1690,3315,2109,2678,1812,2304,799,173,2225,1654,2626,635,2839,1136,2759,2279,2457,2484,780,3072,2183,1958,3243,390,2473,2060,502,3063,1555,3087,913,479,1503,162,2286,1351,560,2782,362,3166,265,2436,937,2605,796,1564,3034,2392,2409,1987,973,836,3159,2407,3202,2248,2413,2404,1821,2035,240,3117,3398,2643,2558,1177,1849,3111,445,1338,1241,1708,3232,2291,2137,1745,2085,1498,2869,547,1317,2272,1061,2325,2040,1925,507,2489,1410,1772,2484,2992,3069,825,1277,2091,2802,1139,1384,1538,1370,574,2852,2942,2209,1205,1446,195
1904,1246,1174,681,2330,505,1622,2604,736,1012,1744,2597,448,2746,1083,2315,889,855,368,821,2954,1416,2529,2351,558,2540,2557,0,1847,361,2344,2375,1897,1602,1711,3011,652,741,1611,1500,488,2914,1700,1799,1845,925,2687,2421,471,301,2124,924,2236,3220,2625,2900,2390,686,1388,1031,2508,501,2324,2578,2477,1162,156,953,1851,1350,1084,2391,2343,1921,2864,598,2733,1167,2751,2225,716,556,2085,304,921,2485,1700,2496,1653,416,1061,773,2708,873,528,1602,919,363,1900,2391,900,2722,147,2160,305,1622,430,364,2425,3324,1897,1326,2621,1657,731,2462,1848,498,2072,598,2287,2217,1732,2153,1476,2434,946,2643,2473,2809,2330,1552,2571,2853,2543,470,1877,2120,2531,3420,917,1448,1584,2475,601,2344,1122,1450,324,431,736,804,2321,595,1901,497,1877,1676,2537,1742,2140,1274,1487,3031,1513,938,420,2009,2995,2346,866,2700,1508,309,1748,2517,1960,2652,2574,3353,1152,837,2779,2025,512,2187,2300,3238,1440,1542,1450,1300,2217,2286,2000,1683,1952,1565,1449,2363
2571,864,2571,2089,564,2326,225,763,1893,853,468,754,1430,2060,2694,1385,2480,1503,1482,1033,2935,1032,2863,2274,2400,1776,862,1847,0,2112,2868,2006,110,841,1045,2399,1285,1632,294,1298,1706,2644,408,1383,1619,1906,1494,3437,1379,1562,379,2681,1495,2786,2375,2025,767,2391,2846,1364,805,2107,2004,2349,3695,1167,2004,998,1480,789,2388,2099,2673,1188,2510,1860,2841,1319,2670,3601,1798,2375,2726,1826,2595,3174,1047,3104,3155,2264,1112,2157,2084,2679,1494,2429,1319,1542,63,748,1780,2063,1886,314,2147,955,2132,1523,2552,2908,84,2655,2418,1835,2570,635,2349,1360,399,2410,1786,2962,134,731,642,816,1856,1803,1134,2940,533,2801,771,2698,1448,1806,74,1712,3031,2876,1963,1770,454,1334,2435,2483,2690,2008,1644,1615,1139,1212,639,2360,3092,2051,2428,1061,2130,2821,430,573,395,2234,2839,1858,1447,1809,2493,1771,2350,854,1094,1601,983,2486,2035,2236,1169,2922,817,1193,2706,2824,2354,1122,1570,2591,2476,310,524,1216,1601,440,2706,2669,2172,995,1210,708
2193,1585,1351,938,2623,496,1890,2875,1051,1312,2060,2849,683,3107,1169,2672,1018,1215,686,1081,3286,1771,2838,2698,463,2902,2866,361,2112,0,2635,2733,2150,1946,2065,3371,840,1094,1854,1861,485,3263,1912,2161,2205,1245,3039,2621,782,563,2416,918,2597,3573,2976,3261,2705,776,1517,1393,2815,718,2681,2929,2623,1521,273,1149,2213,1687,1305,2747,2658,2278,3218,468,3059,1529,3092,2330,611,534,2371,636,990,2746,2055,2770,1741,303,1415,496,3069,812,889,1885,1280,570,2169,2704,1238,3083,245,2426,326,1973,608,590,2756,3676,2170,1509,2970,2007,611,2741,2162,818,2371,580,2648,2480,2007,2480,1662,2750,1274,3004,2814,3131,2616,1740,2860,3197,2898,401,2150,2482,2819,3777,1226,1797,1894,2827,353,2676,1228,1779,469,521,1055,958,2627,251,2082,744,2184,2032,2895,1963,2437,1548,1733,3393,1681,1266,754,2367,3352,2708,1054,2966,1865,667,2100,2858,2307,3010,2912,3705,1477,1188,3118,2287,312,2537,2661,3597,1693,1802,1668,1661,2579,2552,2280,1929,2289,1918,1810,2673
441,2072,1439,1698,2924,2253,2739,3282,1609,2356,2420,3425,2494,1655,1780,1922,1769,1682,2300,2499,895,1842,296,864,2365,1726,2907,2344,2868,2635,0,1240,2977,2032,1855,1637,2643,1692,2876,1570,2783,1174,3077,1536,1297,1427,2277,871,2303,2429,2818,2097,1714,1510,1078,1933,2739,1984,1492,1671,2897,1922,1187,1047,1300,1785,2366,2746,1453,2111,1383,1140,295,1803,1263,2931,644,1636,884,1513,3028,2251,269,2040,1904,348,1850,241,1602,2422,1901,3111,1570,2248,1997,751,1790,2520,2872,2765,1486,1615,2489,3038,2328,1922,2039,2493,569,1548,2841,1310,1016,1033,2387,3131,549,2267,2721,2229,1420,328,2746,2465,3053,2747,1420,1830,2409,655,2979,1148,3115,1010,2128,2798,2830,1358,188,1753,1428,1136,2417,2174,2601,570,1698,968,2575,2676,2243,2779,2795,2761,1035,1891,490,1828,1278,874,2778,2563,2802,1879,1267,1426,2234,1162,1493,1501,1647,3390,1774,2164,1929,781,868,1297,2513,1581,2201,1999,883,441,2518,2084,1691,1778,975,2750,2914,1683,1573,3117,371,791,707,1876,1661,2772
1246,1463,2052,1965,1875,2545,1958,2210,1753,1853,1540,2385,2292,468,2377,746,2253,1520,2147,2098,943,1174,1073,382,2666,486,1780,2375,2006,2733,1240,0,2114,1219,993,644,2350,1641,2124,945,2659,647,2328,688,541,1577,1047,2083,2095,2301,1828,2604,556,873,369,731,1638,2372,2247,1363,1784,2166,65,346,2486,1312,2472,2307,597,1436,1893,110,951,818,536,2842,907,1240,679,2610,2887,2568,1278,2106,2417,1587,996,1466,2480,2643,1450,3105,395,2714,1865,1383,1492,2370,1986,1668,1533,430,2512,2076,2513,1108,2276,2337,707,989,1951,2004,416,767,2764,2075,1015,2050,1736,2568,229,1506,1914,1409,2409,1633,1526,590,1236,1002,1941,1973,2021,693,909,2716,1947,309,1323,1051,1626,967,1615,975,2858,678,2314,1108,2464,2532,1900,2431,1727,2941,2054,2108,1084,993,163,1788,1775,1930,2096,751,2080,1535,2067,366,622,284,2083,2309,1063,2088,1038,547,548,282,1327,1013,1630,1658,714,1487,2758,972,503,867,1620,2009,2249,1156,421,2123,1338,1623,692,1103,1032,1686
2677,962,2657,2168,593,2383,292,738,1977,919,578,700,1471,2161,2771,1486,2556,1592,1536,1077,3045,1139,2973,2385,2453,1877,899,1897,110,2150,2977,2114,0,952,1156,2500,1315,1717,298,1407,1729,2751,352,1494,1730,1996,1578,3540,1434,1607,432,2747,1600,2890,2484,2120,824,2460,2932,1460,842,2177,2113,2458,3793,1267,2053,1018,1591,891,2475,2208,2783,1297,2616,1876,2952,1420,2780,3694,1806,2433,2833,1891,2667,3282,1157,3213,3241,2313,1206,2170,2187,2740,1566,2531,1409,1581,134,802,1871,2165,1929,295,2200,1066,2197,1564,2663,3011,169,2744,2528,1944,2624,627,2457,1418,472,2469,1894,3069,234,819,612,871,1948,1902,1214,3051,551,2895,776,2807,1540,1829,169,1821,3140,2976,2053,1876,561,1424,2478,2593,2769,2112,1680,1645,1203,1229,690,2395,3188,2122,2536,1172,2237,2919,489,631,417,2330,2930,1950,1505,1920,2596,1877,2430,821,1203,1662,1093,2596,2146,2343,1242,3025,905,1274,2816,2929,2400,1222,1675,2690,2573,356,517,1321,1708,414,2812,2769,2282,1105,1318,761
1758,365,1948,1560,968,1976,749,1325,1326,734,389,1430,1330,1387,2152,783,1953,917,1262,1013,2120,254,2021,1448,2078,1117,1078,1602,841,1946,2032,1219,952,0,225,1716,1305,1078,910,471,1698,1866,1116,552,782,1267,1101,2647,1173,1402,816,2230,795,2059,1581,1443,892,1940,2218,718,1043,1659,1205,1550,2940,506,1744,1168,651,278,1756,1300,1831,434,1747,1883,2010,613,1857,2896,1884,2017,1903,1444,2097,2346,222,2270,2521,1986,554,2181,1386,2275,1098,1654,753,1435,840,906,1147,1378,1701,1013,1851,115,1726,1405,1714,2180,809,1997,1617,1004,2229,1165,1525,1133,723,2039,1019,2145,727,607,1191,925,1208,1186,872,2108,1007,2103,1200,1899,973,1780,799,912,2191,2188,1331,968,406,889,2193,1643,2126,1222,1546,1575,909,1336,881,2193,2356,1595,1607,229,1361,2073,790,727,877,1624,2163,1212,1192,978,1774,1029,1795,1436,267,1295,197,1661,1194,1477,977,2199,509,766,1893,2019,2096,598,873,1931,1747,792,1031,462,857,1105,1893,1909,1332,157,396,892
1611,533,1916,1578,1086,2044,970,1448,1339,925,579,1575,1483,1174,2149,611,1962,948,1393,1198,1900,294,1825,1231,2153,912,1139,1711,1045,2065,1855,993,1156,225,0,1499,1482,1110,1133,355,1857,1641,1339,337,575,1248,978,2512,1312,1540,964,2261,587,1835,1356,1250,954,1977,2178,741,1113,1705,981,1326,2827,556,1845,1371,435,472,1724,1075,1639,227,1522,2044,1796,611,1636,2811,2056,2082,1745,1521,2114,2178,10,2095,2475,2075,649,2336,1169,2321,1190,1541,812,1583,1037,974,1139,1164,1822,1184,1938,120,1784,1552,1507,1956,1004,1948,1393,844,2294,1291,1369,1270,867,2100,795,1991,939,661,1417,977,1187,991,818,1895,1136,2031,1301,1675,832,1934,996,687,2007,1969,1313,849,626,767,2287,1438,2115,1110,1692,1732,1061,1528,975,2306,2259,1640,1453,41,1136,1972,927,948,1102,1422,2100,1193,1318,764,1552,807,1796,1558,214,1402,79,1443,999,1252,932,1975,695,878,1672,1877,2188,487,664,1717,1664,1016,1256,450,636,1263,1744,1804,1148,150,324,969
1775,2017,2669,2609,2128,3189,2402,2413,2397,2413,1963,2612,2902,339,3002,1014,2888,2156,2768,2675,953,1736,1386,848,3311,623,1948,3011,2399,3371,1637,644,2500,1716,1499,0,2943,2281,2572,1545,3274,527,2767,1257,1166,2221,1068,2509,2709,2923,2141,3240,926,424,566,472,1854,3013,2846,1989,1970,2811,703,605,2936,1913,3112,2865,1183,1969,2519,659,1347,1282,388,3459,1083,1860,791,3117,3495,3212,1758,2747,3051,1954,1505,1820,3058,3287,2047,3730,329,3353,2495,1966,2114,2986,2366,1886,2177,339,3146,2394,3157,1619,2920,2953,1071,536,2330,2608,624,1409,3408,2306,1578,2665,2062,3212,737,1950,2333,1705,2892,1832,2171,608,1394,1145,2200,2551,2211,695,1015,3336,2331,896,1653,477,2268,1611,2076,1125,3503,1091,2936,1739,3085,3147,2497,3009,1973,3583,2582,2753,1632,1511,490,2337,2081,2443,2568,296,2664,2180,2688,1009,174,699,2719,2495,1623,2720,1520,857,1163,396,1441,542,2184,2266,808,1980,3403,1278,847,227,2218,2470,2731,1758,863,2410,1839,2184,1275,1635,1621,1915
2226,949,1725,1189,1818,1157,1067,2047,1118,576,1308,2012,211,2636,1702,2086,1495,964,391,297,3092,1212,2770,2431,1199,2388,2081,652,1285,840,2643,2350,1315,1305,1482,2943,0,958,1017,1405,427,2961,1072,1685,1812,1256,2397,2894,348,355,1612,1574,2065,3224,2662,2733,1934,1320,1970,1031,2027,1084,2313,2620,3016,1038,795,310,1763,1027,1590,2396,2572,1710,2879,598,2905,1128,2857,2804,580,1208,2411,793,1554,2850,1474,2833,2256,1042,900,903,2618,1525,655,1962,896,292,1344,1928,1169,2620,639,1597,952,1369,1051,288,2585,3338,1348,1860,2675,1758,1371,1919,2102,378,1579,1251,2207,2589,1189,1745,831,1982,1245,2472,2118,2993,1804,2069,2047,2938,2277,524,1329,2056,2831,3393,1280,1573,1136,2188,1181,2503,1729,1679,373,330,451,161,1841,1081,2414,1053,2153,1458,2512,2208,1640,742,897,2898,2056,1240,431,2010,2964,2245,1429,2135,1324,561,1491,2626,2060,2632,2203,3363,796,701,2889,2405,1113,1898,2139,3167,1868,974,827,1194,2088,1722,2345,2110,2107,1333,1323,1894
1269,805,939,483,1983,949,1426,2313,262,837,1353,2365,801,2030,1086,1672,880,162,609,869,2225,837,1840,1610,1064,1846,2143,741,1632,1094,1692,1641,1717,1078,1110,2281,958,0,1495,824,1109,2172,1657,1112,1121,312,2075,1965,613,745,1795,1154,1561,2479,1883,2205,1960,867,1214,369,2103,595,1588,1837,2139,571,831,1112,1148,908,759,1652,1646,1287,2123,1274,2014,502,2015,1992,1354,982,1454,465,1020,1891,1099,1876,1523,1014,548,1501,1987,1210,305,1005,332,834,1668,1970,211,2004,884,1913,880,1054,681,805,1700,2583,1651,1032,1879,916,1193,2156,1161,580,1718,996,1569,1631,1498,1683,1532,1996,289,1955,1924,2094,2004,1203,2227,2115,1917,1140,1633,1400,1880,2682,354,707,1235,1868,1231,1618,1069,742,901,994,617,1103,1928,1301,1526,530,1204,1070,1802,1288,1790,1120,1384,2321,1223,285,542,1274,2258,1635,731,2421,896,488,1168,1780,1220,1915,2036,2612,815,446,2044,1448,1130,1596,1616,2507,937,1385,1432,660,1521,2031,1386,1171,1222,985,801,1951
2544,808,2431,1925,858,2104,170,1036,1749,667,610,994,1179,2234,2521,1570,2305,1385,1255,790,3031,1041,2900,2356,2169,1951,1154,1611,294,1854,2876,2124,298,910,1133,2572,1017,1495,0,1318,1431,2771,206,1462,1685,1789,1732,3381,1155,1317,669,2478,1650,2942,2489,2229,1050,2195,2703,1279,1098,1916,2114,2459,3609,1109,1767,719,1561,765,2254,2208,2705,1313,2646,1578,2914,1264,2768,3486,1510,2154,2710,1625,2408,3164,1132,3105,3011,2026,1022,1872,2249,2464,1313,2371,1208,1288,357,1033,1665,2233,1637,589,1916,1025,1929,1272,2612,3064,374,2528,2527,1846,2341,920,2339,1142,675,2191,1916,2938,264,972,360,1099,1745,1993,1382,3012,827,2691,1062,2808,1667,1531,358,1819,3047,3050,1841,1749,508,1555,2186,2538,2524,1968,1385,1347,941,931,927,2098,2999,1864,2414,1139,2260,2738,716,376,124,2432,2718,1746,1230,1886,2652,1913,2188,1120,1126,1389,1086,2569,2078,2373,1430,3080,708,1048,2803,2786,2110,1315,1728,2774,2387,125,230,1193,1740,711,2679,2596,2199,1047,1223,994
1286,549,1569,1266,1424,1773,1173,1785,1026,919,859,1899,1357,1255,1816,849,1637,670,1227,1155,1755,277,1582,1075,1888,1040,1493,1500,1298,1861,1570,945,1407,471,355,1545,1405,824,1318,0,1729,1569,1524,299,414,914,1258,2178,1165,1381,1284,1950,740,1818,1270,1399,1308,1674,1828,471,1466,1415,910,1231,2480,369,1619,1370,362,557,1378,996,1387,474,1477,1914,1612,333,1502,2456,1950,1807,1432,1270,1793,1878,346,1806,2122,1828,505,2190,1227,2023,973,1193,582,1442,1303,1327,813,1235,1626,1484,1692,374,1505,1409,1301,1934,1273,1595,1291,537,2017,1626,1055,1120,1190,1820,808,1674,1175,1014,1542,1332,853,1143,1154,1708,1469,1675,1647,1566,1098,1793,1261,651,1735,1988,978,501,846,1057,2044,1225,1778,760,1542,1602,956,1486,1322,2090,1906,1351,1136,316,1106,1621,1254,1046,1258,1535,1746,859,1148,619,1559,856,1467,1896,205,1196,432,1284,762,1226,1270,1958,708,721,1536,1548,1944,804,800,1771,1309,1194,1389,213,718,1575,1421,1453,881,314,98,1321
2348,1334,1663,1163,2244,919,1491,2466,1179,987,1731,2421,374,2981,1556,2468,1371,1173,517,717,3328,1573,2947,2692,922,2747,2508,488,1706,485,2783,2659,1729,1698,1857,3274,427,1109,1431,1729,0,3242,1463,2022,2118,1355,2798,2906,564,366,2038,1355,2428,3526,2945,3099,2360,1153,1874,1299,2455,990,2615,2901,2966,1362,567,711,2091,1422,1569,2692,2754,2082,3174,187,3122,1419,3108,2708,245,966,2532,762,1386,2946,1848,2949,2130,755,1232,484,2956,1270,819,2056,1167,289,1766,2355,1303,2962,382,2017,711,1750,914,322,2806,3637,1772,1814,2950,2000,1083,2341,2265,609,2006,1012,2537,2679,1614,2166,1201,2408,1364,2838,2532,3203,2229,2040,2471,3201,2671,100,1753,2378,2971,3710,1359,1799,1559,2587,837,2724,1601,1850,208,127,796,503,2268,696,2389,984,2303,1829,2822,2224,2067,1169,1314,3254,2002,1357,595,2304,3280,2584,1355,2551,1680,622,1875,2874,2307,2941,2621,3663,1193,1008,3139,2488,792,2296,2499,3500,1912,1397,1227,1516,2436,2141,2453,2157,2326,1706,1657,2321
1397,2102,2377,2417,2468,3010,2604,2784,2233,2486,2182,2971,2884,721,2722,1316,2640,2075,2725,2722,428,1813,898,566,3132,951,2332,2914,2644,3263,1174,647,2751,1866,1641,527,2961,2172,2771,1569,3242,0,2974,1331,1155,2043,1496,2035,2684,2878,2443,2993,1159,350,299,957,2211,2799,2517,1945,2345,2634,666,341,2469,1926,2993,2939,1237,2080,2251,574,904,1460,160,3420,570,1835,291,2683,3477,3026,1340,2626,2799,1467,1643,1331,2695,3135,2066,3669,651,3122,2429,1640,2079,2953,2621,2243,2028,693,3057,2694,3012,1755,2750,2921,645,426,2586,2292,293,1256,3207,2660,1248,2640,2354,3019,858,1499,2557,2012,3056,2198,2002,995,1772,622,2537,2198,2587,173,1402,3291,2583,955,1160,593,2079,1465,2262,1497,3343,693,2650,1517,3041,3117,2510,3052,2314,3451,2175,2583,1282,1640,514,1957,2387,2576,2744,817,2316,2011,2646,952,355,876,2480,2876,1703,2646,1684,452,956,413,1841,458,2268,2261,297,1562,3246,1569,1091,614,1902,2657,2897,1773,1043,2731,1433,1820,1002,1750,1660,2266
